Evaluation  |  2020-04-20 12:47
Configuration:  sa_default_07.json
                SA  |  Max Temp (5000.0)  |  Cooling Rate (0.6)
====================================================================================
#        bweight  bvalue   squality knapsack
------------------------------------------------------------------------------------
1        822      602      0,603811s [010000000011000000010100000110000100000010010011110000000100110101000100001000001001000100000000000100000000000100000110000000010001001000001001101100]
2        822      602      0,603811s [010000000011000000010100000110000100000010010011110000000100110101000100001000001001000100000000000100000000000100000110000000010001001000001001101100]
3        822      602      0,603811s [010000000011000000010100000110000100000010010011110000000100110101000100001000001001000100000000000100000000000100000110000000010001001000001001101100]
4        822      602      0,603811s [010000000011000000010100000110000100000010010011110000000100110101000100001000001001000100000000000100000000000100000110000000010001001000001001101100]
5        822      602      0,603811s [010000000011000000010100000110000100000010010011110000000100110101000100001000001001000100000000000100000000000100000110000000010001001000001001101100]
6        822      602      0,603811s [010000000011000000010100000110000100000010010011110000000100110101000100001000001001000100000000000100000000000100000110000000010001001000001001101100]
7        822      602      0,603811s [010000000011000000010100000110000100000010010011110000000100110101000100001000001001000100000000000100000000000100000110000000010001001000001001101100]
8        822      602      0,603811s [010000000011000000010100000110000100000010010011110000000100110101000100001000001001000100000000000100000000000100000110000000010001001000001001101100]
9        822      602      0,603811s [010000000011000000010100000110000100000010010011110000000100110101000100001000001001000100000000000100000000000100000110000000010001001000001001101100]
10       822      602      0,603811s [010000000011000000010100000110000100000010010011110000000100110101000100001000001001000100000000000100000000000100000110000000010001001000001001101100]
11       822      602      0,603811s [010000000011000000010100000110000100000010010011110000000100110101000100001000001001000100000000000100000000000100000110000000010001001000001001101100]
12       822      602      0,603811s [010000000011000000010100000110000100000010010011110000000100110101000100001000001001000100000000000100000000000100000110000000010001001000001001101100]
13       822      602      0,603811s [010000000011000000010100000110000100000010010011110000000100110101000100001000001001000100000000000100000000000100000110000000010001001000001001101100]
14       822      602      0,603811s [010000000011000000010100000110000100000010010011110000000100110101000100001000001001000100000000000100000000000100000110000000010001001000001001101100]
15       822      602      0,603811s [010000000011000000010100000110000100000010010011110000000100110101000100001000001001000100000000000100000000000100000110000000010001001000001001101100]
16       822      602      0,603811s [010000000011000000010100000110000100000010010011110000000100110101000100001000001001000100000000000100000000000100000110000000010001001000001001101100]
17       822      602      0,603811s [010000000011000000010100000110000100000010010011110000000100110101000100001000001001000100000000000100000000000100000110000000010001001000001001101100]
18       822      602      0,603811s [010000000011000000010100000110000100000010010011110000000100110101000100001000001001000100000000000100000000000100000110000000010001001000001001101100]
19       822      602      0,603811s [010000000011000000010100000110000100000010010011110000000100110101000100001000001001000100000000000100000000000100000110000000010001001000001001101100]
20       822      602      0,603811s [010000000011000000010100000110000100000010010011110000000100110101000100001000001001000100000000000100000000000100000110000000010001001000001001101100]
21       822      602      0,603811s [010000000011000000010100000110000100000010010011110000000100110101000100001000001001000100000000000100000000000100000110000000010001001000001001101100]
22       791      605      0,606820s [000101000110000000000101000000100001000000010111110000000101100001000000001100100000000010000010000100000000100110000000100100000000100000100010011000]
23       791      625      0,626881s [000101000110000000000101000000100001000000010111110000000101100001000000001100100000000010000010000100000000100110000000100100000000100000100010011000]
24       821      649      0,650953s [000101000110000000000101000000100001000000010111100000000101110001010000001100100000000010000110000100000000100110000000100100100000000000100010011000]
25       821      656      0,657974s [000101000110000000000101000000100001000000010111100000000101110001010000001100100000000010000110000100000000100110000000100100100000000000100010011000]
26       821      656      0,657974s [000101000110000000000101000000100001000000010111100000000101110001010000001100100000000010000110000100000000100110000000100100100000000000100010011000]
------------------------------------------------------------------------------------
[Statistics]
Runtime       0,000000

                     #        bweight  bvalue   squality
                     13       822      602      0,603811
Plateau  |  Longest sequence 0-0 with improvement less average 0.0%.
