Evaluation  |  2020-04-20 12:48
Configuration:  sa_default_24.json
                SA  |  Max Temp (100.0)  |  Cooling Rate (0.8)
====================================================================================
#        bweight  bvalue   squality knapsack
------------------------------------------------------------------------------------
1        819      515      0,516550s [101000001001000100101000100000000001000001010010000010000100000010100000010000001100000100100100000010000010000010100001000000100000000000000100000001]
2        819      515      0,516550s [101000001001000100101000100000000001000001010010000010000100000010100000010000001100000100100100000010000010000010100001000000100000000000000100000001]
3        819      515      0,516550s [101000001001000100101000100000000001000001010010000010000100000010100000010000001100000100100100000010000010000010100001000000100000000000000100000001]
4        819      515      0,516550s [101000001001000100101000100000000001000001010010000010000100000010100000010000001100000100100100000010000010000010100001000000100000000000000100000001]
5        819      515      0,516550s [101000001001000100101000100000000001000001010010000010000100000010100000010000001100000100100100000010000010000010100001000000100000000000000100000001]
6        819      515      0,516550s [101000001001000100101000100000000001000001010010000010000100000010100000010000001100000100100100000010000010000010100001000000100000000000000100000001]
7        819      515      0,516550s [101000001001000100101000100000000001000001010010000010000100000010100000010000001100000100100100000010000010000010100001000000100000000000000100000001]
8        819      515      0,516550s [101000001001000100101000100000000001000001010010000010000100000010100000010000001100000100100100000010000010000010100001000000100000000000000100000001]
9        819      515      0,516550s [101000001001000100101000100000000001000001010010000010000100000010100000010000001100000100100100000010000010000010100001000000100000000000000100000001]
10       819      515      0,516550s [101000001001000100101000100000000001000001010010000010000100000010100000010000001100000100100100000010000010000010100001000000100000000000000100000001]
11       819      515      0,516550s [101000001001000100101000100000000001000001010010000010000100000010100000010000001100000100100100000010000010000010100001000000100000000000000100000001]
12       819      515      0,516550s [101000001001000100101000100000000001000001010010000010000100000010100000010000001100000100100100000010000010000010100001000000100000000000000100000001]
13       819      515      0,516550s [101000001001000100101000100000000001000001010010000010000100000010100000010000001100000100100100000010000010000010100001000000100000000000000100000001]
14       819      515      0,516550s [101000001001000100101000100000000001000001010010000010000100000010100000010000001100000100100100000010000010000010100001000000100000000000000100000001]
15       819      515      0,516550s [101000001001000100101000100000000001000001010010000010000100000010100000010000001100000100100100000010000010000010100001000000100000000000000100000001]
16       819      515      0,516550s [101000001001000100101000100000000001000001010010000010000100000010100000010000001100000100100100000010000010000010100001000000100000000000000100000001]
17       819      515      0,516550s [101000001001000100101000100000000001000001010010000010000100000010100000010000001100000100100100000010000010000010100001000000100000000000000100000001]
18       819      515      0,516550s [101000001001000100101000100000000001000001010010000010000100000010100000010000001100000100100100000010000010000010100001000000100000000000000100000001]
19       819      515      0,516550s [101000001001000100101000100000000001000001010010000010000100000010100000010000001100000100100100000010000010000010100001000000100000000000000100000001]
20       815      540      0,541625s [001001001010000000101000100000010000000001000000000100000010000000010100100110000010010100000110000011000010000010000001010000000000000110000110000000]
21       815      540      0,541625s [001001001010000000101000100000010000000001000000000100000010000000010100100110000010010100000110000011000010000010000001010000000000000110000110000000]
22       818      548      0,549649s [001000001011000000001000100000010000000001001000000101000010000000010100000110000010010100000110000011000010000010000001010000000000000100000111000000]
23       818      526      0,527583s [001000001011000000001000100000010000000001001000000101000010000000010100000110000010010100000110000011000010000010000001010000000000000100000111000000]
24       818      526      0,527583s [001000001011000000001000100000010000000001001000000101000010000000010100000110000010010100000110000011000010000010000001010000000000000100000111000000]
25       818      526      0,527583s [001000001011000000001000100000010000000001001000000101000010000000010100000110000010010100000110000011000010000010000001010000000000000100000111000000]
26       818      526      0,527583s [001000001011000000001000100000010000000001001000000101000010000000010100000110000010010100000110000011000010000010000001010000000000000100000111000000]
27       818      526      0,527583s [001000001011000000001000100000010000000001001000000101000010000000010100000110000010010100000110000011000010000010000001010000000000000100000111000000]
28       818      526      0,527583s [001000001011000000001000100000010000000001001000000101000010000000010100000110000010010100000110000011000010000010000001010000000000000100000111000000]
29       818      526      0,527583s [001000001011000000001000100000010000000001001000000101000010000000010100000110000010010100000110000011000010000010000001010000000000000100000111000000]
30       818      526      0,527583s [001000001011000000001000100000010000000001001000000101000010000000010100000110000010010100000110000011000010000010000001010000000000000100000111000000]
31       818      526      0,527583s [001000001011000000001000100000010000000001001000000101000010000000010100000110000010010100000110000011000010000010000001010000000000000100000111000000]
32       818      526      0,527583s [001000001011000000001000100000010000000001001000000101000010000000010100000110000010010100000110000011000010000010000001010000000000000100000111000000]
33       818      526      0,527583s [001000001011000000001000100000010000000001001000000101000010000000010100000110000010010100000110000011000010000010000001010000000000000100000111000000]
34       818      526      0,527583s [001000001011000000001000100000010000000001001000000101000010000000010100000110000010010100000110000011000010000010000001010000000000000100000111000000]
35       818      526      0,527583s [001000001011000000001000100000010000000001001000000101000010000000010100000110000010010100000110000011000010000010000001010000000000000100000111000000]
36       818      526      0,527583s [001000001011000000001000100000010000000001001000000101000010000000010100000110000010010100000110000011000010000010000001010000000000000100000111000000]
37       818      526      0,527583s [001000001011000000001000100000010000000001001000000101000010000000010100000110000010010100000110000011000010000010000001010000000000000100000111000000]
38       818      526      0,527583s [001000001011000000001000100000010000000001001000000101000010000000010100000110000010010100000110000011000010000010000001010000000000000100000111000000]
39       818      526      0,527583s [001000001011000000001000100000010000000001001000000101000010000000010100000110000010010100000110000011000010000010000001010000000000000100000111000000]
40       818      526      0,527583s [001000001011000000001000100000010000000001001000000101000010000000010100000110000010010100000110000011000010000010000001010000000000000100000111000000]
41       818      526      0,527583s [001000001011000000001000100000010000000001001000000101000010000000010100000110000010010100000110000011000010000010000001010000000000000100000111000000]
42       818      526      0,527583s [001000001011000000001000100000010000000001001000000101000010000000010100000110000010010100000110000011000010000010000001010000000000000100000111000000]
------------------------------------------------------------------------------------
[Statistics]
Runtime       0,000000

                     #        bweight  bvalue   squality
                     21       818      548      0,549649
Plateau  |  Longest sequence 0-0 with improvement less average 0.0%.
