Evaluation  |  2020-04-20 12:48
Configuration:  sa_default_25.json
                SA  |  Max Temp (100.0)  |  Cooling Rate (0.9)
====================================================================================
#        bweight  bvalue   squality knapsack
------------------------------------------------------------------------------------
1        774      593      0,594784s [000000010010100000000000000101100000111001100101000010000010001000000100100100000000100000000010000000000100000000000010000101100000111000100011000100]
2        774      593      0,594784s [000000010010100000000000000101100000111001100101000010000010001000000100100100000000100000000010000000000100000000000010000101100000111000100011000100]
3        774      593      0,594784s [000000010010100000000000000101100000111001100101000010000010001000000100100100000000100000000010000000000100000000000010000101100000111000100011000100]
4        774      593      0,594784s [000000010010100000000000000101100000111001100101000010000010001000000100100100000000100000000010000000000100000000000010000101100000111000100011000100]
5        774      593      0,594784s [000000010010100000000000000101100000111001100101000010000010001000000100100100000000100000000010000000000100000000000010000101100000111000100011000100]
6        774      593      0,594784s [000000010010100000000000000101100000111001100101000010000010001000000100100100000000100000000010000000000100000000000010000101100000111000100011000100]
7        774      593      0,594784s [000000010010100000000000000101100000111001100101000010000010001000000100100100000000100000000010000000000100000000000010000101100000111000100011000100]
8        822      594      0,595787s [000000010010100000000000000001001000110000101101000010000110001000000101100100000000000000001010000000000100000000000010100100110010000000100010000110]
9        822      566      0,567703s [000000010010100000000000000001001000110000101101000010000110001000000101100100000000000000001010000000000100000000000010100100110010000000100010000110]
10       822      566      0,567703s [000000010010100000000000000001001000110000101101000010000110001000000101100100000000000000001010000000000100000000000010100100110010000000100010000110]
11       797      572      0,573721s [000000010010100000000000000001001000110100100101000000010110001000000101100100010000000000000010000000000100000000000011100100010010000000100011000000]
12       797      532      0,533601s [000000010010100000000000000001001000110100100101000000010110001000000101100100010000000000000010000000000100000000000011100100010010000000100011000000]
13       797      532      0,533601s [000000010010100000000000000001001000110100100101000000010110001000000101100100010000000000000010000000000100000000000011100100010010000000100011000000]
14       797      532      0,533601s [000000010010100000000000000001001000110100100101000000010110001000000101100100010000000000000010000000000100000000000011100100010010000000100011000000]
15       797      532      0,533601s [000000010010100000000000000001001000110100100101000000010110001000000101100100010000000000000010000000000100000000000011100100010010000000100011000000]
16       797      532      0,533601s [000000010010100000000000000001001000110100100101000000010110001000000101100100010000000000000010000000000100000000000011100100010010000000100011000000]
17       797      532      0,533601s [000000010010100000000000000001001000110100100101000000010110001000000101100100010000000000000010000000000100000000000011100100010010000000100011000000]
18       797      532      0,533601s [000000010010100000000000000001001000110100100101000000010110001000000101100100010000000000000010000000000100000000000011100100010010000000100011000000]
19       797      532      0,533601s [000000010010100000000000000001001000110100100101000000010110001000000101100100010000000000000010000000000100000000000011100100010010000000100011000000]
20       808      546      0,547643s [010100010010100000000000000000010000010000000101100000000100001010010111000110010000000000000010000000000010000000000011000000010010000000110001000000]
21       808      507      0,508526s [010100010010100000000000000000010000010000000101100000000100001010010111000110010000000000000010000000000010000000000011000000010010000000110001000000]
22       803      518      0,519559s [010100001010100000000000010000010000010000000001100000000100001010010111001110000000000100000010000000000010000000000011000000010010000000110001000000]
23       803      506      0,507523s [010100001010100000000000010000010000010000000001100000000100001010010111001110000000000100000010000000000010000000000011000000010010000000110001000000]
24       803      506      0,507523s [010100001010100000000000010000010000010000000001100000000100001010010111001110000000000100000010000000000010000000000011000000010010000000110001000000]
25       803      506      0,507523s [010100001010100000000000010000010000010000000001100000000100001010010111001110000000000100000010000000000010000000000011000000010010000000110001000000]
26       803      506      0,507523s [010100001010100000000000010000010000010000000001100000000100001010010111001110000000000100000010000000000010000000000011000000010010000000110001000000]
27       803      506      0,507523s [010100001010100000000000010000010000010000000001100000000100001010010111001110000000000100000010000000000010000000000011000000010010000000110001000000]
28       803      506      0,507523s [010100001010100000000000010000010000010000000001100000000100001010010111001110000000000100000010000000000010000000000011000000010010000000110001000000]
29       822      530      0,531595s [000100000001100000000000010000010000000000000001000010100100000000110111011110000000000100100010000000000010000000000010100000010000000100010001100000]
30       822      511      0,512538s [000100000001100000000000010000010000000000000001000010100100000000110111011110000000000100100010000000000010000000000010100000010000000100010001100000]
31       822      511      0,512538s [000100000001100000000000010000010000000000000001000010100100000000110111011110000000000100100010000000000010000000000010100000010000000100010001100000]
32       822      511      0,512538s [000100000001100000000000010000010000000000000001000010100100000000110111011110000000000100100010000000000010000000000010100000010000000100010001100000]
33       822      511      0,512538s [000100000001100000000000010000010000000000000001000010100100000000110111011110000000000100100010000000000010000000000010100000010000000100010001100000]
34       822      511      0,512538s [000100000001100000000000010000010000000000000001000010100100000000110111011110000000000100100010000000000010000000000010100000010000000100010001100000]
35       822      511      0,512538s [000100000001100000000000010000010000000000000001000010100100000000110111011110000000000100100010000000000010000000000010100000010000000100010001100000]
36       822      511      0,512538s [000100000001100000000000010000010000000000000001000010100100000000110111011110000000000100100010000000000010000000000010100000010000000100010001100000]
37       816      517      0,518556s [000000001001110000100100011000000100000000000000000010100100000000110100010100000000000000100000010000000010000000100010101000010000001000010100100000]
38       816      479      0,480441s [000000001001110000100100011000000100000000000000000010100100000000110100010100000000000000100000010000000010000000100010101000010000001000010100100000]
39       815      487      0,488465s [000000001011100000100100011000000100000000000000000010000100000000110100010100000000000000100010010000000010000100100010101000010001001000010100100000]
40       815      527      0,528586s [000000001011100000100100011000000100000000000000000010000100000000110100010100000000000000100010010000000010000100100010101000010001001000010100100000]
41       815      527      0,528586s [000000001011100000100100011000000100000000000000000010000100000000110100010100000000000000100010010000000010000100100010101000010001001000010100100000]
42       815      527      0,528586s [000000001011100000100100011000000100000000000000000010000100000000110100010100000000000000100010010000000010000100100010101000010001001000010100100000]
43       815      527      0,528586s [000000001011100000100100011000000100000000000000000010000100000000110100010100000000000000100010010000000010000100100010101000010001001000010100100000]
44       815      527      0,528586s [000000001011100000100100011000000100000000000000000010000100000000110100010100000000000000100010010000000010000100100010101000010001001000010100100000]
45       817      554      0,555667s [001010001011100000100100011100000100000000001000000010000100100000110100010100000000010000100010100000000000100100100000001000000001001000000001101000]
46       817      589      0,590772s [001010001011100000100100011100000100000000001000000010000100100000110100010100000000010000100010100000000000100100100000001000000001001000000001101000]
47       817      589      0,590772s [001010001011100000100100011100000100000000001000000010000100100000110100010100000000010000100010100000000000100100100000001000000001001000000001101000]
48       817      589      0,590772s [001010001011100000100100011100000100000000001000000010000100100000110100010100000000010000100010100000000000100100100000001000000001001000000001101000]
49       817      589      0,590772s [001010001011100000100100011100000100000000001000000010000100100000110100010100000000010000100010100000000000100100100000001000000001001000000001101000]
50       817      589      0,590772s [001010001011100000100100011100000100000000001000000010000100100000110100010100000000010000100010100000000000100100100000001000000001001000000001101000]
51       817      589      0,590772s [001010001011100000100100011100000100000000001000000010000100100000110100010100000000010000100010100000000000100100100000001000000001001000000001101000]
52       817      589      0,590772s [001010001011100000100100011100000100000000001000000010000100100000110100010100000000010000100010100000000000100100100000001000000001001000000001101000]
53       817      589      0,590772s [001010001011100000100100011100000100000000001000000010000100100000110100010100000000010000100010100000000000100100100000001000000001001000000001101000]
54       817      589      0,590772s [001010001011100000100100011100000100000000001000000010000100100000110100010100000000010000100010100000000000100100100000001000000001001000000001101000]
55       817      589      0,590772s [001010001011100000100100011100000100000000001000000010000100100000110100010100000000010000100010100000000000100100100000001000000001001000000001101000]
56       817      589      0,590772s [001010001011100000100100011100000100000000001000000010000100100000110100010100000000010000100010100000000000100100100000001000000001001000000001101000]
57       817      589      0,590772s [001010001011100000100100011100000100000000001000000010000100100000110100010100000000010000100010100000000000100100100000001000000001001000000001101000]
58       817      589      0,590772s [001010001011100000100100011100000100000000001000000010000100100000110100010100000000010000100010100000000000100100100000001000000001001000000001101000]
59       817      589      0,590772s [001010001011100000100100011100000100000000001000000010000100100000110100010100000000010000100010100000000000100100100000001000000001001000000001101000]
60       817      589      0,590772s [001010001011100000100100011100000100000000001000000010000100100000110100010100000000010000100010100000000000100100100000001000000001001000000001101000]
61       817      589      0,590772s [001010001011100000100100011100000100000000001000000010000100100000110100010100000000010000100010100000000000100100100000001000000001001000000001101000]
62       817      589      0,590772s [001010001011100000100100011100000100000000001000000010000100100000110100010100000000010000100010100000000000100100100000001000000001001000000001101000]
63       817      589      0,590772s [001010001011100000100100011100000100000000001000000010000100100000110100010100000000010000100010100000000000100100100000001000000001001000000001101000]
64       817      589      0,590772s [001010001011100000100100011100000100000000001000000010000100100000110100010100000000010000100010100000000000100100100000001000000001001000000001101000]
65       817      589      0,590772s [001010001011100000100100011100000100000000001000000010000100100000110100010100000000010000100010100000000000100100100000001000000001001000000001101000]
66       817      589      0,590772s [001010001011100000100100011100000100000000001000000010000100100000110100010100000000010000100010100000000000100100100000001000000001001000000001101000]
67       817      589      0,590772s [001010001011100000100100011100000100000000001000000010000100100000110100010100000000010000100010100000000000100100100000001000000001001000000001101000]
68       817      589      0,590772s [001010001011100000100100011100000100000000001000000010000100100000110100010100000000010000100010100000000000100100100000001000000001001000000001101000]
69       819      607      0,608826s [001010100000100000010100001010000100010000000100010000010100010000000001000100000100000001010001001001001000000010000000100001000000100010000010001001]
70       819      605      0,606820s [001010100000100000010100001010000100010000000100010000010100010000000001000100000100000001010001001001001000000010000000100001000000100010000010001001]
71       819      605      0,606820s [001010100000100000010100001010000100010000000100010000010100010000000001000100000100000001010001001001001000000010000000100001000000100010000010001001]
72       819      605      0,606820s [001010100000100000010100001010000100010000000100010000010100010000000001000100000100000001010001001001001000000010000000100001000000100010000010001001]
73       819      605      0,606820s [001010100000100000010100001010000100010000000100010000010100010000000001000100000100000001010001001001001000000010000000100001000000100010000010001001]
74       818      611      0,612839s [001011101000100000000100010010000000010100010000010000010000000000000000000100000110100001010001001001001000000010000000000000000010100010000000000001]
75       818      575      0,576730s [001011101000100000000100010010000000010100010000010000010000000000000000000100000110100001010001001001001000000010000000000000000010100010000000000001]
76       818      575      0,576730s [001011101000100000000100010010000000010100010000010000010000000000000000000100000110100001010001001001001000000010000000000000000010100010000000000001]
77       818      575      0,576730s [001011101000100000000100010010000000010100010000010000010000000000000000000100000110100001010001001001001000000010000000000000000010100010000000000001]
78       818      575      0,576730s [001011101000100000000100010010000000010100010000010000010000000000000000000100000110100001010001001001001000000010000000000000000010100010000000000001]
79       818      575      0,576730s [001011101000100000000100010010000000010100010000010000010000000000000000000100000110100001010001001001001000000010000000000000000010100010000000000001]
80       818      575      0,576730s [001011101000100000000100010010000000010100010000010000010000000000000000000100000110100001010001001001001000000010000000000000000010100010000000000001]
81       818      575      0,576730s [001011101000100000000100010010000000010100010000010000010000000000000000000100000110100001010001001001001000000010000000000000000010100010000000000001]
82       818      575      0,576730s [001011101000100000000100010010000000010100010000010000010000000000000000000100000110100001010001001001001000000010000000000000000010100010000000000001]
83       818      575      0,576730s [001011101000100000000100010010000000010100010000010000010000000000000000000100000110100001010001001001001000000010000000000000000010100010000000000001]
84       818      575      0,576730s [001011101000100000000100010010000000010100010000010000010000000000000000000100000110100001010001001001001000000010000000000000000010100010000000000001]
85       818      575      0,576730s [001011101000100000000100010010000000010100010000010000010000000000000000000100000110100001010001001001001000000010000000000000000010100010000000000001]
86       818      575      0,576730s [001011101000100000000100010010000000010100010000010000010000000000000000000100000110100001010001001001001000000010000000000000000010100010000000000001]
87       818      575      0,576730s [001011101000100000000100010010000000010100010000010000010000000000000000000100000110100001010001001001001000000010000000000000000010100010000000000001]
88       818      575      0,576730s [001011101000100000000100010010000000010100010000010000010000000000000000000100000110100001010001001001001000000010000000000000000010100010000000000001]
------------------------------------------------------------------------------------
[Statistics]
Runtime       0,000000

                     #        bweight  bvalue   squality
                     44       817      554      0,555667
Plateau  |  Longest sequence 0-0 with improvement less average 0.0%.
