Evaluation  |  2020-04-20 12:48
Configuration:  sa_default_23.json
                SA  |  Max Temp (100.0)  |  Cooling Rate (0.7)
====================================================================================
#        bweight  bvalue   squality knapsack
------------------------------------------------------------------------------------
1        819      505      0,506520s [010000000000110001000100000011101000001010000000010000000000000101000101100000100000100000001000000000000001001010101000000101000001000000110001000110]
2        800      525      0,526580s [010000000000110001000100000011100000001010000000010000000000000101000101100001101000100000001001000000000000001010101000000101000001000000110001000110]
3        800      549      0,550652s [010000000000110001000100000011100000001010000000010000000000000101000101100001101000100000001001000000000000001010101000000101000001000000110001000110]
4        800      549      0,550652s [010000000000110001000100000011100000001010000000010000000000000101000101100001101000100000001001000000000000001010101000000101000001000000110001000110]
5        815      559      0,560682s [010000000000110001000100000011100000001010000000010000000000000011010100100000101000100000001001000000001001000010111000000001000001000000110001000110]
6        815      559      0,560682s [010000000000110001000100000011100000001010000000010000000000000011010100100000101000100000001001000000001001000010111000000001000001000000110001000110]
7        822      565      0,566700s [010000000000110001000100000011100000001010000000010000000000000001010100100000101000100000001001000000001001000010110000000001010001000000111001000110]
8        822      558      0,559679s [010000000000110001000100000011100000001010000000010000000000000001010100100000101000100000001001000000001001000010110000000001010001000000111001000110]
9        822      558      0,559679s [010000000000110001000100000011100000001010000000010000000000000001010100100000101000100000001001000000001001000010110000000001010001000000111001000110]
10       822      558      0,559679s [010000000000110001000100000011100000001010000000010000000000000001010100100000101000100000001001000000001001000010110000000001010001000000111001000110]
11       822      558      0,559679s [010000000000110001000100000011100000001010000000010000000000000001010100100000101000100000001001000000001001000010110000000001010001000000111001000110]
12       822      558      0,559679s [010000000000110001000100000011100000001010000000010000000000000001010100100000101000100000001001000000001001000010110000000001010001000000111001000110]
13       822      558      0,559679s [010000000000110001000100000011100000001010000000010000000000000001010100100000101000100000001001000000001001000010110000000001010001000000111001000110]
14       822      558      0,559679s [010000000000110001000100000011100000001010000000010000000000000001010100100000101000100000001001000000001001000010110000000001010001000000111001000110]
15       822      558      0,559679s [010000000000110001000100000011100000001010000000010000000000000001010100100000101000100000001001000000001001000010110000000001010001000000111001000110]
16       822      558      0,559679s [010000000000110001000100000011100000001010000000010000000000000001010100100000101000100000001001000000001001000010110000000001010001000000111001000110]
17       822      558      0,559679s [010000000000110001000100000011100000001010000000010000000000000001010100100000101000100000001001000000001001000010110000000001010001000000111001000110]
18       822      558      0,559679s [010000000000110001000100000011100000001010000000010000000000000001010100100000101000100000001001000000001001000010110000000001010001000000111001000110]
19       822      558      0,559679s [010000000000110001000100000011100000001010000000010000000000000001010100100000101000100000001001000000001001000010110000000001010001000000111001000110]
20       800      559      0,560682s [000000000000110000110100001010101000001010000000000000000001000001010100110000101000010000000001000010001001100011000001000010010010000000000001000010]
21       800      584      0,585757s [000000000000110000110100001010101000001010000000000000000001000001010100110000101000010000000001000010001001100011000001000010010010000000000001000010]
22       819      588      0,589769s [000000000000110000110100001010001000001010000000000000000001000001000100110000101000010000000000000010001001100011000001000010011010000010000001000010]
23       819      563      0,564694s [000000000000110000110100001010001000001010000000000000000001000001000100110000101000010000000000000010001001100011000001000010011010000010000001000010]
24       819      563      0,564694s [000000000000110000110100001010001000001010000000000000000001000001000100110000101000010000000000000010001001100011000001000010011010000010000001000010]
25       819      563      0,564694s [000000000000110000110100001010001000001010000000000000000001000001000100110000101000010000000000000010001001100011000001000010011010000010000001000010]
26       819      563      0,564694s [000000000000110000110100001010001000001010000000000000000001000001000100110000101000010000000000000010001001100011000001000010011010000010000001000010]
------------------------------------------------------------------------------------
[Statistics]
Runtime       0,000000

                     #        bweight  bvalue   squality
                     13       822      558      0,559679
Plateau  |  Longest sequence 0-0 with improvement less average 0.0%.
