Evaluation  |  2020-04-20 12:47
Configuration:  sa_default_09.json
                SA  |  Max Temp (5000.0)  |  Cooling Rate (0.8)
====================================================================================
#        bweight  bvalue   squality knapsack
------------------------------------------------------------------------------------
1        763      608      0,609829s [000010011100000000000000001101100000001010110001100000000001000101000110000100000010110010100100001011000000000010000000000000101000000000010000000000]
2        763      608      0,609829s [000010011100000000000000001101100000001010110001100000000001000101000110000100000010110010100100001011000000000010000000000000101000000000010000000000]
3        763      608      0,609829s [000010011100000000000000001101100000001010110001100000000001000101000110000100000010110010100100001011000000000010000000000000101000000000010000000000]
4        763      608      0,609829s [000010011100000000000000001101100000001010110001100000000001000101000110000100000010110010100100001011000000000010000000000000101000000000010000000000]
5        763      608      0,609829s [000010011100000000000000001101100000001010110001100000000001000101000110000100000010110010100100001011000000000010000000000000101000000000010000000000]
6        763      608      0,609829s [000010011100000000000000001101100000001010110001100000000001000101000110000100000010110010100100001011000000000010000000000000101000000000010000000000]
7        763      608      0,609829s [000010011100000000000000001101100000001010110001100000000001000101000110000100000010110010100100001011000000000010000000000000101000000000010000000000]
8        763      608      0,609829s [000010011100000000000000001101100000001010110001100000000001000101000110000100000010110010100100001011000000000010000000000000101000000000010000000000]
9        763      608      0,609829s [000010011100000000000000001101100000001010110001100000000001000101000110000100000010110010100100001011000000000010000000000000101000000000010000000000]
10       763      608      0,609829s [000010011100000000000000001101100000001010110001100000000001000101000110000100000010110010100100001011000000000010000000000000101000000000010000000000]
11       763      608      0,609829s [000010011100000000000000001101100000001010110001100000000001000101000110000100000010110010100100001011000000000010000000000000101000000000010000000000]
12       763      608      0,609829s [000010011100000000000000001101100000001010110001100000000001000101000110000100000010110010100100001011000000000010000000000000101000000000010000000000]
13       763      608      0,609829s [000010011100000000000000001101100000001010110001100000000001000101000110000100000010110010100100001011000000000010000000000000101000000000010000000000]
14       763      608      0,609829s [000010011100000000000000001101100000001010110001100000000001000101000110000100000010110010100100001011000000000010000000000000101000000000010000000000]
15       763      608      0,609829s [000010011100000000000000001101100000001010110001100000000001000101000110000100000010110010100100001011000000000010000000000000101000000000010000000000]
16       763      608      0,609829s [000010011100000000000000001101100000001010110001100000000001000101000110000100000010110010100100001011000000000010000000000000101000000000010000000000]
17       763      608      0,609829s [000010011100000000000000001101100000001010110001100000000001000101000110000100000010110010100100001011000000000010000000000000101000000000010000000000]
18       763      608      0,609829s [000010011100000000000000001101100000001010110001100000000001000101000110000100000010110010100100001011000000000010000000000000101000000000010000000000]
19       763      608      0,609829s [000010011100000000000000001101100000001010110001100000000001000101000110000100000010110010100100001011000000000010000000000000101000000000010000000000]
20       763      608      0,609829s [000010011100000000000000001101100000001010110001100000000001000101000110000100000010110010100100001011000000000010000000000000101000000000010000000000]
21       763      608      0,609829s [000010011100000000000000001101100000001010110001100000000001000101000110000100000010110010100100001011000000000010000000000000101000000000010000000000]
22       763      608      0,609829s [000010011100000000000000001101100000001010110001100000000001000101000110000100000010110010100100001011000000000010000000000000101000000000010000000000]
23       763      608      0,609829s [000010011100000000000000001101100000001010110001100000000001000101000110000100000010110010100100001011000000000010000000000000101000000000010000000000]
24       763      608      0,609829s [000010011100000000000000001101100000001010110001100000000001000101000110000100000010110010100100001011000000000010000000000000101000000000010000000000]
25       763      608      0,609829s [000010011100000000000000001101100000001010110001100000000001000101000110000100000010110010100100001011000000000010000000000000101000000000010000000000]
26       763      608      0,609829s [000010011100000000000000001101100000001010110001100000000001000101000110000100000010110010100100001011000000000010000000000000101000000000010000000000]
27       763      608      0,609829s [000010011100000000000000001101100000001010110001100000000001000101000110000100000010110010100100001011000000000010000000000000101000000000010000000000]
28       763      608      0,609829s [000010011100000000000000001101100000001010110001100000000001000101000110000100000010110010100100001011000000000010000000000000101000000000010000000000]
29       763      608      0,609829s [000010011100000000000000001101100000001010110001100000000001000101000110000100000010110010100100001011000000000010000000000000101000000000010000000000]
30       763      608      0,609829s [000010011100000000000000001101100000001010110001100000000001000101000110000100000010110010100100001011000000000010000000000000101000000000010000000000]
31       763      608      0,609829s [000010011100000000000000001101100000001010110001100000000001000101000110000100000010110010100100001011000000000010000000000000101000000000010000000000]
32       763      608      0,609829s [000010011100000000000000001101100000001010110001100000000001000101000110000100000010110010100100001011000000000010000000000000101000000000010000000000]
33       763      608      0,609829s [000010011100000000000000001101100000001010110001100000000001000101000110000100000010110010100100001011000000000010000000000000101000000000010000000000]
34       763      608      0,609829s [000010011100000000000000001101100000001010110001100000000001000101000110000100000010110010100100001011000000000010000000000000101000000000010000000000]
35       763      608      0,609829s [000010011100000000000000001101100000001010110001100000000001000101000110000100000010110010100100001011000000000010000000000000101000000000010000000000]
36       763      608      0,609829s [000010011100000000000000001101100000001010110001100000000001000101000110000100000010110010100100001011000000000010000000000000101000000000010000000000]
37       763      608      0,609829s [000010011100000000000000001101100000001010110001100000000001000101000110000100000010110010100100001011000000000010000000000000101000000000010000000000]
38       763      608      0,609829s [000010011100000000000000001101100000001010110001100000000001000101000110000100000010110010100100001011000000000010000000000000101000000000010000000000]
39       763      608      0,609829s [000010011100000000000000001101100000001010110001100000000001000101000110000100000010110010100100001011000000000010000000000000101000000000010000000000]
40       763      608      0,609829s [000010011100000000000000001101100000001010110001100000000001000101000110000100000010110010100100001011000000000010000000000000101000000000010000000000]
41       763      608      0,609829s [000010011100000000000000001101100000001010110001100000000001000101000110000100000010110010100100001011000000000010000000000000101000000000010000000000]
42       763      608      0,609829s [000010011100000000000000001101100000001010110001100000000001000101000110000100000010110010100100001011000000000010000000000000101000000000010000000000]
43       763      608      0,609829s [000010011100000000000000001101100000001010110001100000000001000101000110000100000010110010100100001011000000000010000000000000101000000000010000000000]
44       763      608      0,609829s [000010011100000000000000001101100000001010110001100000000001000101000110000100000010110010100100001011000000000010000000000000101000000000010000000000]
45       763      608      0,609829s [000010011100000000000000001101100000001010110001100000000001000101000110000100000010110010100100001011000000000010000000000000101000000000010000000000]
46       763      608      0,609829s [000010011100000000000000001101100000001010110001100000000001000101000110000100000010110010100100001011000000000010000000000000101000000000010000000000]
47       763      608      0,609829s [000010011100000000000000001101100000001010110001100000000001000101000110000100000010110010100100001011000000000010000000000000101000000000010000000000]
48       763      608      0,609829s [000010011100000000000000001101100000001010110001100000000001000101000110000100000010110010100100001011000000000010000000000000101000000000010000000000]
49       763      608      0,609829s [000010011100000000000000001101100000001010110001100000000001000101000110000100000010110010100100001011000000000010000000000000101000000000010000000000]
50       763      608      0,609829s [000010011100000000000000001101100000001010110001100000000001000101000110000100000010110010100100001011000000000010000000000000101000000000010000000000]
51       763      608      0,609829s [000010011100000000000000001101100000001010110001100000000001000101000110000100000010110010100100001011000000000010000000000000101000000000010000000000]
52       763      608      0,609829s [000010011100000000000000001101100000001010110001100000000001000101000110000100000010110010100100001011000000000010000000000000101000000000010000000000]
53       763      608      0,609829s [000010011100000000000000001101100000001010110001100000000001000101000110000100000010110010100100001011000000000010000000000000101000000000010000000000]
54       763      608      0,609829s [000010011100000000000000001101100000001010110001100000000001000101000110000100000010110010100100001011000000000010000000000000101000000000010000000000]
55       763      608      0,609829s [000010011100000000000000001101100000001010110001100000000001000101000110000100000010110010100100001011000000000010000000000000101000000000010000000000]
56       763      608      0,609829s [000010011100000000000000001101100000001010110001100000000001000101000110000100000010110010100100001011000000000010000000000000101000000000010000000000]
57       763      608      0,609829s [000010011100000000000000001101100000001010110001100000000001000101000110000100000010110010100100001011000000000010000000000000101000000000010000000000]
58       763      608      0,609829s [000010011100000000000000001101100000001010110001100000000001000101000110000100000010110010100100001011000000000010000000000000101000000000010000000000]
59       763      608      0,609829s [000010011100000000000000001101100000001010110001100000000001000101000110000100000010110010100100001011000000000010000000000000101000000000010000000000]
------------------------------------------------------------------------------------
[Statistics]
Runtime       0,000000

                     #        bweight  bvalue   squality
                     29       763      608      0,609829
Plateau  |  Longest sequence 0-0 with improvement less average 0.0%.
