Evaluation  |  2020-04-20 12:47
Configuration:  sa_default_05.json
                SA  |  Max Temp (10000.0)  |  Cooling Rate (0.9)
====================================================================================
#        bweight  bvalue   squality knapsack
------------------------------------------------------------------------------------
1        787      500      0,501505s [000010100100000000000000100100000100001000100000000001000000000100000001001001001000001010001010010110010001001110000010000010100101011000000000001000]
2        787      500      0,501505s [000010100100000000000000100100000100001000100000000001000000000100000001001001001000001010001010010110010001001110000010000010100101011000000000001000]
3        787      500      0,501505s [000010100100000000000000100100000100001000100000000001000000000100000001001001001000001010001010010110010001001110000010000010100101011000000000001000]
4        787      500      0,501505s [000010100100000000000000100100000100001000100000000001000000000100000001001001001000001010001010010110010001001110000010000010100101011000000000001000]
5        804      509      0,510532s [000000100110000001000000100100000000001000000000000101001000000100000001001001101000001010011000010110010001010000000110000000000000101000000000001000]
6        804      498      0,499498s [000000100110000001000000100100000000001000000000000101001000000100000001001001101000001010011000010110010001010000000110000000000000101000000000001000]
7        804      498      0,499498s [000000100110000001000000100100000000001000000000000101001000000100000001001001101000001010011000010110010001010000000110000000000000101000000000001000]
8        804      498      0,499498s [000000100110000001000000100100000000001000000000000101001000000100000001001001101000001010011000010110010001010000000110000000000000101000000000001000]
9        804      498      0,499498s [000000100110000001000000100100000000001000000000000101001000000100000001001001101000001010011000010110010001010000000110000000000000101000000000001000]
10       804      498      0,499498s [000000100110000001000000100100000000001000000000000101001000000100000001001001101000001010011000010110010001010000000110000000000000101000000000001000]
11       804      498      0,499498s [000000100110000001000000100100000000001000000000000101001000000100000001001001101000001010011000010110010001010000000110000000000000101000000000001000]
12       804      498      0,499498s [000000100110000001000000100100000000001000000000000101001000000100000001001001101000001010011000010110010001010000000110000000000000101000000000001000]
13       804      498      0,499498s [000000100110000001000000100100000000001000000000000101001000000100000001001001101000001010011000010110010001010000000110000000000000101000000000001000]
14       804      498      0,499498s [000000100110000001000000100100000000001000000000000101001000000100000001001001101000001010011000010110010001010000000110000000000000101000000000001000]
15       804      498      0,499498s [000000100110000001000000100100000000001000000000000101001000000100000001001001101000001010011000010110010001010000000110000000000000101000000000001000]
16       816      501      0,502508s [001000000000000011000000100110000010001000100010010000001000000000000000001001010000000010001100010100010001000010000100000000000100101000000000001001]
17       816      463      0,464393s [001000000000000011000000100110000010001000100010010000001000000000000000001001010000000010001100010100010001000010000100000000000100101000000000001001]
18       821      500      0,501505s [001100000000000011000000100110000010011000100000000000001000000010000000001101010000000010001100100100010001000000000000000000000100101000000000001001]
19       821      486      0,487462s [001100000000000011000000100110000010011000100000000000001000000010000000001101010000000010001100100100010001000000000000000000000100101000000000001001]
20       821      486      0,487462s [001100000000000011000000100110000010011000100000000000001000000010000000001101010000000010001100100100010001000000000000000000000100101000000000001001]
21       821      486      0,487462s [001100000000000011000000100110000010011000100000000000001000000010000000001101010000000010001100100100010001000000000000000000000100101000000000001001]
22       821      486      0,487462s [001100000000000011000000100110000010011000100000000000001000000010000000001101010000000010001100100100010001000000000000000000000100101000000000001001]
23       821      486      0,487462s [001100000000000011000000100110000010011000100000000000001000000010000000001101010000000010001100100100010001000000000000000000000100101000000000001001]
24       821      486      0,487462s [001100000000000011000000100110000010011000100000000000001000000010000000001101010000000010001100100100010001000000000000000000000100101000000000001001]
25       821      486      0,487462s [001100000000000011000000100110000010011000100000000000001000000010000000001101010000000010001100100100010001000000000000000000000100101000000000001001]
26       821      486      0,487462s [001100000000000011000000100110000010011000100000000000001000000010000000001101010000000010001100100100010001000000000000000000000100101000000000001001]
27       821      486      0,487462s [001100000000000011000000100110000010011000100000000000001000000010000000001101010000000010001100100100010001000000000000000000000100101000000000001001]
28       821      486      0,487462s [001100000000000011000000100110000010011000100000000000001000000010000000001101010000000010001100100100010001000000000000000000000100101000000000001001]
29       821      486      0,487462s [001100000000000011000000100110000010011000100000000000001000000010000000001101010000000010001100100100010001000000000000000000000100101000000000001001]
30       821      486      0,487462s [001100000000000011000000100110000010011000100000000000001000000010000000001101010000000010001100100100010001000000000000000000000100101000000000001001]
31       821      486      0,487462s [001100000000000011000000100110000010011000100000000000001000000010000000001101010000000010001100100100010001000000000000000000000100101000000000001001]
32       821      486      0,487462s [001100000000000011000000100110000010011000100000000000001000000010000000001101010000000010001100100100010001000000000000000000000100101000000000001001]
33       821      486      0,487462s [001100000000000011000000100110000010011000100000000000001000000010000000001101010000000010001100100100010001000000000000000000000100101000000000001001]
34       821      486      0,487462s [001100000000000011000000100110000010011000100000000000001000000010000000001101010000000010001100100100010001000000000000000000000100101000000000001001]
35       821      486      0,487462s [001100000000000011000000100110000010011000100000000000001000000010000000001101010000000010001100100100010001000000000000000000000100101000000000001001]
36       821      486      0,487462s [001100000000000011000000100110000010011000100000000000001000000010000000001101010000000010001100100100010001000000000000000000000100101000000000001001]
37       821      486      0,487462s [001100000000000011000000100110000010011000100000000000001000000010000000001101010000000010001100100100010001000000000000000000000100101000000000001001]
38       821      486      0,487462s [001100000000000011000000100110000010011000100000000000001000000010000000001101010000000010001100100100010001000000000000000000000100101000000000001001]
39       821      486      0,487462s [001100000000000011000000100110000010011000100000000000001000000010000000001101010000000010001100100100010001000000000000000000000100101000000000001001]
40       821      486      0,487462s [001100000000000011000000100110000010011000100000000000001000000010000000001101010000000010001100100100010001000000000000000000000100101000000000001001]
41       821      486      0,487462s [001100000000000011000000100110000010011000100000000000001000000010000000001101010000000010001100100100010001000000000000000000000100101000000000001001]
42       821      487      0,488465s [010100001000000000001000001000110000010000101001000001000000000000010001000110000000000001001100110000010100100000000000001000110001100000001000000000]
43       821      483      0,484453s [010100001000000000001000001000110000010000101001000001000000000000010001000110000000000001001100110000010100100000000000001000110001100000001000000000]
44       816      508      0,509529s [000100001000100000001000001000010010010000101001000001000000000000010001000110000000000001001110110000010100100000000001001000010001100000001000000000]
45       816      476      0,477432s [000100001000100000001000001000010010010000101001000001000000000000010001000110000000000001001110110000010100100000000001001000010001100000001000000000]
46       808      485      0,486459s [000100101000100000000000001000010010000000101001000001000000000000010001000110000000010101001110100101011100100000000001000000010000100000001000000000]
47       808      506      0,507523s [000100101000100000000000001000010010000000101001000001000000000000010001000110000000010101001110100101011100100000000001000000010000100000001000000000]
48       813      522      0,523571s [000100101000100000000000001000010010000000001001000001000000000000010001000110000000010101001110100101011100000000000101000000010000110010001000000000]
49       813      527      0,528586s [000100101000100000000000001000010010000000001001000001000000000000010001000110000000010101001110100101011100000000000101000000010000110010001000000000]
50       813      527      0,528586s [000100101000100000000000001000010010000000001001000001000000000000010001000110000000010101001110100101011100000000000101000000010000110010001000000000]
51       813      527      0,528586s [000100101000100000000000001000010010000000001001000001000000000000010001000110000000010101001110100101011100000000000101000000010000110010001000000000]
52       813      527      0,528586s [000100101000100000000000001000010010000000001001000001000000000000010001000110000000010101001110100101011100000000000101000000010000110010001000000000]
53       813      527      0,528586s [000100101000100000000000001000010010000000001001000001000000000000010001000110000000010101001110100101011100000000000101000000010000110010001000000000]
54       813      527      0,528586s [000100101000100000000000001000010010000000001001000001000000000000010001000110000000010101001110100101011100000000000101000000010000110010001000000000]
55       813      527      0,528586s [000100101000100000000000001000010010000000001001000001000000000000010001000110000000010101001110100101011100000000000101000000010000110010001000000000]
56       813      527      0,528586s [000100101000100000000000001000010010000000001001000001000000000000010001000110000000010101001110100101011100000000000101000000010000110010001000000000]
57       813      527      0,528586s [000100101000100000000000001000010010000000001001000001000000000000010001000110000000010101001110100101011100000000000101000000010000110010001000000000]
58       813      527      0,528586s [000100101000100000000000001000010010000000001001000001000000000000010001000110000000010101001110100101011100000000000101000000010000110010001000000000]
59       813      527      0,528586s [000100101000100000000000001000010010000000001001000001000000000000010001000110000000010101001110100101011100000000000101000000010000110010001000000000]
60       813      527      0,528586s [000100101000100000000000001000010010000000001001000001000000000000010001000110000000010101001110100101011100000000000101000000010000110010001000000000]
61       813      527      0,528586s [000100101000100000000000001000010010000000001001000001000000000000010001000110000000010101001110100101011100000000000101000000010000110010001000000000]
62       813      527      0,528586s [000100101000100000000000001000010010000000001001000001000000000000010001000110000000010101001110100101011100000000000101000000010000110010001000000000]
63       813      527      0,528586s [000100101000100000000000001000010010000000001001000001000000000000010001000110000000010101001110100101011100000000000101000000010000110010001000000000]
64       813      527      0,528586s [000100101000100000000000001000010010000000001001000001000000000000010001000110000000010101001110100101011100000000000101000000010000110010001000000000]
65       813      527      0,528586s [000100101000100000000000001000010010000000001001000001000000000000010001000110000000010101001110100101011100000000000101000000010000110010001000000000]
66       813      527      0,528586s [000100101000100000000000001000010010000000001001000001000000000000010001000110000000010101001110100101011100000000000101000000010000110010001000000000]
67       813      527      0,528586s [000100101000100000000000001000010010000000001001000001000000000000010001000110000000010101001110100101011100000000000101000000010000110010001000000000]
68       813      527      0,528586s [000100101000100000000000001000010010000000001001000001000000000000010001000110000000010101001110100101011100000000000101000000010000110010001000000000]
69       813      527      0,528586s [000100101000100000000000001000010010000000001001000001000000000000010001000110000000010101001110100101011100000000000101000000010000110010001000000000]
70       813      527      0,528586s [000100101000100000000000001000010010000000001001000001000000000000010001000110000000010101001110100101011100000000000101000000010000110010001000000000]
71       813      527      0,528586s [000100101000100000000000001000010010000000001001000001000000000000010001000110000000010101001110100101011100000000000101000000010000110010001000000000]
72       813      527      0,528586s [000100101000100000000000001000010010000000001001000001000000000000010001000110000000010101001110100101011100000000000101000000010000110010001000000000]
73       813      527      0,528586s [000100101000100000000000001000010010000000001001000001000000000000010001000110000000010101001110100101011100000000000101000000010000110010001000000000]
74       813      527      0,528586s [000100101000100000000000001000010010000000001001000001000000000000010001000110000000010101001110100101011100000000000101000000010000110010001000000000]
75       813      527      0,528586s [000100101000100000000000001000010010000000001001000001000000000000010001000110000000010101001110100101011100000000000101000000010000110010001000000000]
76       813      527      0,528586s [000100101000100000000000001000010010000000001001000001000000000000010001000110000000010101001110100101011100000000000101000000010000110010001000000000]
77       813      527      0,528586s [000100101000100000000000001000010010000000001001000001000000000000010001000110000000010101001110100101011100000000000101000000010000110010001000000000]
78       813      527      0,528586s [000100101000100000000000001000010010000000001001000001000000000000010001000110000000010101001110100101011100000000000101000000010000110010001000000000]
79       813      527      0,528586s [000100101000100000000000001000010010000000001001000001000000000000010001000110000000010101001110100101011100000000000101000000010000110010001000000000]
80       813      527      0,528586s [000100101000100000000000001000010010000000001001000001000000000000010001000110000000010101001110100101011100000000000101000000010000110010001000000000]
81       813      527      0,528586s [000100101000100000000000001000010010000000001001000001000000000000010001000110000000010101001110100101011100000000000101000000010000110010001000000000]
82       813      527      0,528586s [000100101000100000000000001000010010000000001001000001000000000000010001000110000000010101001110100101011100000000000101000000010000110010001000000000]
83       813      527      0,528586s [000100101000100000000000001000010010000000001001000001000000000000010001000110000000010101001110100101011100000000000101000000010000110010001000000000]
84       813      527      0,528586s [000100101000100000000000001000010010000000001001000001000000000000010001000110000000010101001110100101011100000000000101000000010000110010001000000000]
85       813      527      0,528586s [000100101000100000000000001000010010000000001001000001000000000000010001000110000000010101001110100101011100000000000101000000010000110010001000000000]
86       813      527      0,528586s [000100101000100000000000001000010010000000001001000001000000000000010001000110000000010101001110100101011100000000000101000000010000110010001000000000]
87       813      527      0,528586s [000100101000100000000000001000010010000000001001000001000000000000010001000110000000010101001110100101011100000000000101000000010000110010001000000000]
88       813      527      0,528586s [000100101000100000000000001000010010000000001001000001000000000000010001000110000000010101001110100101011100000000000101000000010000110010001000000000]
89       813      527      0,528586s [000100101000100000000000001000010010000000001001000001000000000000010001000110000000010101001110100101011100000000000101000000010000110010001000000000]
90       813      527      0,528586s [000100101000100000000000001000010010000000001001000001000000000000010001000110000000010101001110100101011100000000000101000000010000110010001000000000]
91       813      527      0,528586s [000100101000100000000000001000010010000000001001000001000000000000010001000110000000010101001110100101011100000000000101000000010000110010001000000000]
92       813      527      0,528586s [000100101000100000000000001000010010000000001001000001000000000000010001000110000000010101001110100101011100000000000101000000010000110010001000000000]
93       813      527      0,528586s [000100101000100000000000001000010010000000001001000001000000000000010001000110000000010101001110100101011100000000000101000000010000110010001000000000]
94       813      527      0,528586s [000100101000100000000000001000010010000000001001000001000000000000010001000110000000010101001110100101011100000000000101000000010000110010001000000000]
95       813      527      0,528586s [000100101000100000000000001000010010000000001001000001000000000000010001000110000000010101001110100101011100000000000101000000010000110010001000000000]
96       813      527      0,528586s [000100101000100000000000001000010010000000001001000001000000000000010001000110000000010101001110100101011100000000000101000000010000110010001000000000]
97       813      527      0,528586s [000100101000100000000000001000010010000000001001000001000000000000010001000110000000010101001110100101011100000000000101000000010000110010001000000000]
98       796      546      0,547643s [000000000000000000100100000010000000000000100001000001000100100010100000100001110000001000010000100110000010000000100011000001001000000001101010010010]
99       796      550      0,551655s [000000000000000000100100000010000000000000100001000001000100100010100000100001110000001000010000100110000010000000100011000001001000000001101010010010]
100      785      571      0,572718s [000000000000000000100100100010000000000000110001000001001100100010100000100001010000001000010000100110000000000000100111000001001000000001101010010010]
101      785      570      0,571715s [000000000000000000100100100010000000000000110001000001001100100010100000100001010000001000010000100110000000000000100111000001001000000001101010010010]
102      785      570      0,571715s [000000000000000000100100100010000000000000110001000001001100100010100000100001010000001000010000100110000000000000100111000001001000000001101010010010]
103      785      570      0,571715s [000000000000000000100100100010000000000000110001000001001100100010100000100001010000001000010000100110000000000000100111000001001000000001101010010010]
104      785      570      0,571715s [000000000000000000100100100010000000000000110001000001001100100010100000100001010000001000010000100110000000000000100111000001001000000001101010010010]
105      785      570      0,571715s [000000000000000000100100100010000000000000110001000001001100100010100000100001010000001000010000100110000000000000100111000001001000000001101010010010]
106      819      572      0,573721s [000000001000000000000100000010000000000000110000000100001100000110100000001101000010001000000000000011000000000000100111000000010010000001101110010010]
107      819      539      0,540622s [000000001000000000000100000010000000000000110000000100001100000110100000001101000010001000000000000011000000000000100111000000010010000001101110010010]
108      819      539      0,540622s [000000001000000000000100000010000000000000110000000100001100000110100000001101000010001000000000000011000000000000100111000000010010000001101110010010]
109      819      539      0,540622s [000000001000000000000100000010000000000000110000000100001100000110100000001101000010001000000000000011000000000000100111000000010010000001101110010010]
110      819      539      0,540622s [000000001000000000000100000010000000000000110000000100001100000110100000001101000010001000000000000011000000000000100111000000010010000001101110010010]
111      821      543      0,544634s [010000001000000000000000000010000000000000000000101100001000000110100000001101000010000000100000000001000000010000100111110000110000000000101100010010]
112      821      536      0,537613s [010000001000000000000000000010000000000000000000101100001000000110100000001101000010000000100000000001000000010000100111110000110000000000101100010010]
113      801      560      0,561685s [010000001000000010000000000010000000000000000000101100001000000010100000001101000010000000100000100001000000010000100111110000110000000010101000010010]
114      801      572      0,573721s [010000001000000010000000000010000000000000000000101100001000000010100000001101000010000000100000100001000000010000100111110000110000000010101000010010]
115      801      572      0,573721s [010000001000000010000000000010000000000000000000101100001000000010100000001101000010000000100000100001000000010000100111110000110000000010101000010010]
116      801      572      0,573721s [010000001000000010000000000010000000000000000000101100001000000010100000001101000010000000100000100001000000010000100111110000110000000010101000010010]
117      819      584      0,585757s [010000000010000010000000000000000000100000000000101100001000000000100000001101000010000000100000100001100000010100100110110000110000000000101100000010]
118      819      576      0,577733s [010000000010000010000000000000000000100000000000101100001000000000100000001101000010000000100000100001100000010100100110110000110000000000101100000010]
119      819      576      0,577733s [010000000010000010000000000000000000100000000000101100001000000000100000001101000010000000100000100001100000010100100110110000110000000000101100000010]
120      819      576      0,577733s [010000000010000010000000000000000000100000000000101100001000000000100000001101000010000000100000100001100000010100100110110000110000000000101100000010]
121      819      576      0,577733s [010000000010000010000000000000000000100000000000101100001000000000100000001101000010000000100000100001100000010100100110110000110000000000101100000010]
122      819      576      0,577733s [010000000010000010000000000000000000100000000000101100001000000000100000001101000010000000100000100001100000010100100110110000110000000000101100000010]
123      815      578      0,579739s [000000000110010010001000000000010100100000000000100100000000000000000000001101000010000000100000100011000000110100110110100000110000000000101100000010]
124      815      571      0,572718s [000000000110010010001000000000010100100000000000100100000000000000000000001101000010000000100000100011000000110100110110100000110000000000101100000010]
125      820      572      0,573721s [000000000110010000000000000000011100100000000000100100000000000000000000001111000110000000100000100011000000110000110110100000110000000000100100000010]
126      820      543      0,544634s [000000000110010000000000000000011100100000000000100100000000000000000000001111000110000000100000100011000000110000110110100000110000000000100100000010]
127      817      556      0,557673s [000000001110010000000000000001011100100000000000100100000000000000000000001111000110100000100000100011000000100000110110100000110000000000100100000010]
128      817      563      0,564694s [000000001110010000000000000001011100100000000000100100000000000000000000001111000110100000100000100011000000100000110110100000110000000000100100000010]
129      817      563      0,564694s [000000001110010000000000000001011100100000000000100100000000000000000000001111000110100000100000100011000000100000110110100000110000000000100100000010]
130      817      563      0,564694s [000000001110010000000000000001011100100000000000100100000000000000000000001111000110100000100000100011000000100000110110100000110000000000100100000010]
131      821      579      0,580742s [000000001111010000000000000001001100100000100000100000000000000000001000001101000110100000100000100011000000100100000110100100110000000000100100000010]
132      821      595      0,596790s [000000001111010000000000000001001100100000100000100000000000000000001000001101000110100000100000100011000000100100000110100100110000000000100100000010]
------------------------------------------------------------------------------------
[Statistics]
Runtime      16,000000

                     #        bweight  bvalue   squality
                     66       813      527      0,528586
Plateau  |  Longest sequence 0-0 with improvement less average 0.0%.
