Evaluation  |  2020-04-20 12:48
Configuration:  sa_default_20.json
                SA  |  Max Temp (500.0)  |  Cooling Rate (0.9)
====================================================================================
#        bweight  bvalue   squality knapsack
------------------------------------------------------------------------------------
1        817      603      0,604814s [001111000001000100010000010000100000010000000000000010000000000100010000000001001010110000100000001111000001000101000001000000000000000010111001001010]
2        822      632      0,633902s [001111000001001100010000010000100000010000000000000010000000000100010000001001001010110000100000001110000001000101000001010000000000000010011001001010]
3        822      623      0,624875s [001111000001001100010000010000100000010000000000000010000000000100010000001001001010110000100000001110000001000101000001010000000000000010011001001010]
4        813      629      0,630893s [000111000001001100010000010000100000010000000000000010000000000100010000001001001010110000100000011110000000000101000001011000000000000010011001001010]
5        813      621      0,622869s [000111000001001100010000010000100000010000000000000010000000000100010000001001001010110000100000011110000000000101000001011000000000000010011001001010]
6        813      621      0,622869s [000111000001001100010000010000100000010000000000000010000000000100010000001001001010110000100000011110000000000101000001011000000000000010011001001010]
7        813      621      0,622869s [000111000001001100010000010000100000010000000000000010000000000100010000001001001010110000100000011110000000000101000001011000000000000010011001001010]
8        813      621      0,622869s [000111000001001100010000010000100000010000000000000010000000000100010000001001001010110000100000011110000000000101000001011000000000000010011001001010]
9        813      621      0,622869s [000111000001001100010000010000100000010000000000000010000000000100010000001001001010110000100000011110000000000101000001011000000000000010011001001010]
10       813      621      0,622869s [000111000001001100010000010000100000010000000000000010000000000100010000001001001010110000100000011110000000000101000001011000000000000010011001001010]
11       813      621      0,622869s [000111000001001100010000010000100000010000000000000010000000000100010000001001001010110000100000011110000000000101000001011000000000000010011001001010]
12       813      621      0,622869s [000111000001001100010000010000100000010000000000000010000000000100010000001001001010110000100000011110000000000101000001011000000000000010011001001010]
13       813      621      0,622869s [000111000001001100010000010000100000010000000000000010000000000100010000001001001010110000100000011110000000000101000001011000000000000010011001001010]
14       813      621      0,622869s [000111000001001100010000010000100000010000000000000010000000000100010000001001001010110000100000011110000000000101000001011000000000000010011001001010]
15       813      621      0,622869s [000111000001001100010000010000100000010000000000000010000000000100010000001001001010110000100000011110000000000101000001011000000000000010011001001010]
16       813      621      0,622869s [000111000001001100010000010000100000010000000000000010000000000100010000001001001010110000100000011110000000000101000001011000000000000010011001001010]
17       813      621      0,622869s [000111000001001100010000010000100000010000000000000010000000000100010000001001001010110000100000011110000000000101000001011000000000000010011001001010]
18       813      621      0,622869s [000111000001001100010000010000100000010000000000000010000000000100010000001001001010110000100000011110000000000101000001011000000000000010011001001010]
19       813      621      0,622869s [000111000001001100010000010000100000010000000000000010000000000100010000001001001010110000100000011110000000000101000001011000000000000010011001001010]
20       813      621      0,622869s [000111000001001100010000010000100000010000000000000010000000000100010000001001001010110000100000011110000000000101000001011000000000000010011001001010]
21       813      621      0,622869s [000111000001001100010000010000100000010000000000000010000000000100010000001001001010110000100000011110000000000101000001011000000000000010011001001010]
22       813      621      0,622869s [000111000001001100010000010000100000010000000000000010000000000100010000001001001010110000100000011110000000000101000001011000000000000010011001001010]
23       813      621      0,622869s [000111000001001100010000010000100000010000000000000010000000000100010000001001001010110000100000011110000000000101000001011000000000000010011001001010]
24       813      621      0,622869s [000111000001001100010000010000100000010000000000000010000000000100010000001001001010110000100000011110000000000101000001011000000000000010011001001010]
25       813      621      0,622869s [000111000001001100010000010000100000010000000000000010000000000100010000001001001010110000100000011110000000000101000001011000000000000010011001001010]
26       813      621      0,622869s [000111000001001100010000010000100000010000000000000010000000000100010000001001001010110000100000011110000000000101000001011000000000000010011001001010]
27       813      621      0,622869s [000111000001001100010000010000100000010000000000000010000000000100010000001001001010110000100000011110000000000101000001011000000000000010011001001010]
28       813      621      0,622869s [000111000001001100010000010000100000010000000000000010000000000100010000001001001010110000100000011110000000000101000001011000000000000010011001001010]
29       813      621      0,622869s [000111000001001100010000010000100000010000000000000010000000000100010000001001001010110000100000011110000000000101000001011000000000000010011001001010]
30       813      621      0,622869s [000111000001001100010000010000100000010000000000000010000000000100010000001001001010110000100000011110000000000101000001011000000000000010011001001010]
31       813      621      0,622869s [000111000001001100010000010000100000010000000000000010000000000100010000001001001010110000100000011110000000000101000001011000000000000010011001001010]
32       813      621      0,622869s [000111000001001100010000010000100000010000000000000010000000000100010000001001001010110000100000011110000000000101000001011000000000000010011001001010]
33       813      621      0,622869s [000111000001001100010000010000100000010000000000000010000000000100010000001001001010110000100000011110000000000101000001011000000000000010011001001010]
34       813      621      0,622869s [000111000001001100010000010000100000010000000000000010000000000100010000001001001010110000100000011110000000000101000001011000000000000010011001001010]
35       813      621      0,622869s [000111000001001100010000010000100000010000000000000010000000000100010000001001001010110000100000011110000000000101000001011000000000000010011001001010]
36       813      621      0,622869s [000111000001001100010000010000100000010000000000000010000000000100010000001001001010110000100000011110000000000101000001011000000000000010011001001010]
37       813      621      0,622869s [000111000001001100010000010000100000010000000000000010000000000100010000001001001010110000100000011110000000000101000001011000000000000010011001001010]
38       813      621      0,622869s [000111000001001100010000010000100000010000000000000010000000000100010000001001001010110000100000011110000000000101000001011000000000000010011001001010]
39       813      621      0,622869s [000111000001001100010000010000100000010000000000000010000000000100010000001001001010110000100000011110000000000101000001011000000000000010011001001010]
40       813      621      0,622869s [000111000001001100010000010000100000010000000000000010000000000100010000001001001010110000100000011110000000000101000001011000000000000010011001001010]
41       813      621      0,622869s [000111000001001100010000010000100000010000000000000010000000000100010000001001001010110000100000011110000000000101000001011000000000000010011001001010]
42       813      621      0,622869s [000111000001001100010000010000100000010000000000000010000000000100010000001001001010110000100000011110000000000101000001011000000000000010011001001010]
43       813      621      0,622869s [000111000001001100010000010000100000010000000000000010000000000100010000001001001010110000100000011110000000000101000001011000000000000010011001001010]
44       813      621      0,622869s [000111000001001100010000010000100000010000000000000010000000000100010000001001001010110000100000011110000000000101000001011000000000000010011001001010]
45       813      621      0,622869s [000111000001001100010000010000100000010000000000000010000000000100010000001001001010110000100000011110000000000101000001011000000000000010011001001010]
46       813      621      0,622869s [000111000001001100010000010000100000010000000000000010000000000100010000001001001010110000100000011110000000000101000001011000000000000010011001001010]
47       813      621      0,622869s [000111000001001100010000010000100000010000000000000010000000000100010000001001001010110000100000011110000000000101000001011000000000000010011001001010]
48       813      621      0,622869s [000111000001001100010000010000100000010000000000000010000000000100010000001001001010110000100000011110000000000101000001011000000000000010011001001010]
49       813      621      0,622869s [000111000001001100010000010000100000010000000000000010000000000100010000001001001010110000100000011110000000000101000001011000000000000010011001001010]
50       813      621      0,622869s [000111000001001100010000010000100000010000000000000010000000000100010000001001001010110000100000011110000000000101000001011000000000000010011001001010]
51       813      621      0,622869s [000111000001001100010000010000100000010000000000000010000000000100010000001001001010110000100000011110000000000101000001011000000000000010011001001010]
52       813      621      0,622869s [000111000001001100010000010000100000010000000000000010000000000100010000001001001010110000100000011110000000000101000001011000000000000010011001001010]
53       813      621      0,622869s [000111000001001100010000010000100000010000000000000010000000000100010000001001001010110000100000011110000000000101000001011000000000000010011001001010]
54       813      621      0,622869s [000111000001001100010000010000100000010000000000000010000000000100010000001001001010110000100000011110000000000101000001011000000000000010011001001010]
55       813      621      0,622869s [000111000001001100010000010000100000010000000000000010000000000100010000001001001010110000100000011110000000000101000001011000000000000010011001001010]
56       813      621      0,622869s [000111000001001100010000010000100000010000000000000010000000000100010000001001001010110000100000011110000000000101000001011000000000000010011001001010]
57       813      621      0,622869s [000111000001001100010000010000100000010000000000000010000000000100010000001001001010110000100000011110000000000101000001011000000000000010011001001010]
58       813      621      0,622869s [000111000001001100010000010000100000010000000000000010000000000100010000001001001010110000100000011110000000000101000001011000000000000010011001001010]
59       813      621      0,622869s [000111000001001100010000010000100000010000000000000010000000000100010000001001001010110000100000011110000000000101000001011000000000000010011001001010]
60       813      621      0,622869s [000111000001001100010000010000100000010000000000000010000000000100010000001001001010110000100000011110000000000101000001011000000000000010011001001010]
61       813      621      0,622869s [000111000001001100010000010000100000010000000000000010000000000100010000001001001010110000100000011110000000000101000001011000000000000010011001001010]
62       813      621      0,622869s [000111000001001100010000010000100000010000000000000010000000000100010000001001001010110000100000011110000000000101000001011000000000000010011001001010]
63       813      621      0,622869s [000111000001001100010000010000100000010000000000000010000000000100010000001001001010110000100000011110000000000101000001011000000000000010011001001010]
64       813      621      0,622869s [000111000001001100010000010000100000010000000000000010000000000100010000001001001010110000100000011110000000000101000001011000000000000010011001001010]
65       813      621      0,622869s [000111000001001100010000010000100000010000000000000010000000000100010000001001001010110000100000011110000000000101000001011000000000000010011001001010]
66       813      621      0,622869s [000111000001001100010000010000100000010000000000000010000000000100010000001001001010110000100000011110000000000101000001011000000000000010011001001010]
67       813      621      0,622869s [000111000001001100010000010000100000010000000000000010000000000100010000001001001010110000100000011110000000000101000001011000000000000010011001001010]
68       813      621      0,622869s [000111000001001100010000010000100000010000000000000010000000000100010000001001001010110000100000011110000000000101000001011000000000000010011001001010]
69       813      621      0,622869s [000111000001001100010000010000100000010000000000000010000000000100010000001001001010110000100000011110000000000101000001011000000000000010011001001010]
70       813      621      0,622869s [000111000001001100010000010000100000010000000000000010000000000100010000001001001010110000100000011110000000000101000001011000000000000010011001001010]
71       813      621      0,622869s [000111000001001100010000010000100000010000000000000010000000000100010000001001001010110000100000011110000000000101000001011000000000000010011001001010]
72       813      621      0,622869s [000111000001001100010000010000100000010000000000000010000000000100010000001001001010110000100000011110000000000101000001011000000000000010011001001010]
73       813      621      0,622869s [000111000001001100010000010000100000010000000000000010000000000100010000001001001010110000100000011110000000000101000001011000000000000010011001001010]
74       813      621      0,622869s [000111000001001100010000010000100000010000000000000010000000000100010000001001001010110000100000011110000000000101000001011000000000000010011001001010]
75       813      621      0,622869s [000111000001001100010000010000100000010000000000000010000000000100010000001001001010110000100000011110000000000101000001011000000000000010011001001010]
76       813      621      0,622869s [000111000001001100010000010000100000010000000000000010000000000100010000001001001010110000100000011110000000000101000001011000000000000010011001001010]
77       813      621      0,622869s [000111000001001100010000010000100000010000000000000010000000000100010000001001001010110000100000011110000000000101000001011000000000000010011001001010]
78       813      621      0,622869s [000111000001001100010000010000100000010000000000000010000000000100010000001001001010110000100000011110000000000101000001011000000000000010011001001010]
79       813      621      0,622869s [000111000001001100010000010000100000010000000000000010000000000100010000001001001010110000100000011110000000000101000001011000000000000010011001001010]
80       813      621      0,622869s [000111000001001100010000010000100000010000000000000010000000000100010000001001001010110000100000011110000000000101000001011000000000000010011001001010]
81       813      621      0,622869s [000111000001001100010000010000100000010000000000000010000000000100010000001001001010110000100000011110000000000101000001011000000000000010011001001010]
82       813      621      0,622869s [000111000001001100010000010000100000010000000000000010000000000100010000001001001010110000100000011110000000000101000001011000000000000010011001001010]
83       813      621      0,622869s [000111000001001100010000010000100000010000000000000010000000000100010000001001001010110000100000011110000000000101000001011000000000000010011001001010]
84       813      621      0,622869s [000111000001001100010000010000100000010000000000000010000000000100010000001001001010110000100000011110000000000101000001011000000000000010011001001010]
85       813      621      0,622869s [000111000001001100010000010000100000010000000000000010000000000100010000001001001010110000100000011110000000000101000001011000000000000010011001001010]
86       813      621      0,622869s [000111000001001100010000010000100000010000000000000010000000000100010000001001001010110000100000011110000000000101000001011000000000000010011001001010]
87       813      621      0,622869s [000111000001001100010000010000100000010000000000000010000000000100010000001001001010110000100000011110000000000101000001011000000000000010011001001010]
88       813      621      0,622869s [000111000001001100010000010000100000010000000000000010000000000100010000001001001010110000100000011110000000000101000001011000000000000010011001001010]
89       813      621      0,622869s [000111000001001100010000010000100000010000000000000010000000000100010000001001001010110000100000011110000000000101000001011000000000000010011001001010]
90       813      621      0,622869s [000111000001001100010000010000100000010000000000000010000000000100010000001001001010110000100000011110000000000101000001011000000000000010011001001010]
91       813      621      0,622869s [000111000001001100010000010000100000010000000000000010000000000100010000001001001010110000100000011110000000000101000001011000000000000010011001001010]
92       813      621      0,622869s [000111000001001100010000010000100000010000000000000010000000000100010000001001001010110000100000011110000000000101000001011000000000000010011001001010]
93       813      621      0,622869s [000111000001001100010000010000100000010000000000000010000000000100010000001001001010110000100000011110000000000101000001011000000000000010011001001010]
94       813      621      0,622869s [000111000001001100010000010000100000010000000000000010000000000100010000001001001010110000100000011110000000000101000001011000000000000010011001001010]
95       813      621      0,622869s [000111000001001100010000010000100000010000000000000010000000000100010000001001001010110000100000011110000000000101000001011000000000000010011001001010]
96       813      621      0,622869s [000111000001001100010000010000100000010000000000000010000000000100010000001001001010110000100000011110000000000101000001011000000000000010011001001010]
97       813      621      0,622869s [000111000001001100010000010000100000010000000000000010000000000100010000001001001010110000100000011110000000000101000001011000000000000010011001001010]
98       813      621      0,622869s [000111000001001100010000010000100000010000000000000010000000000100010000001001001010110000100000011110000000000101000001011000000000000010011001001010]
99       813      621      0,622869s [000111000001001100010000010000100000010000000000000010000000000100010000001001001010110000100000011110000000000101000001011000000000000010011001001010]
100      813      621      0,622869s [000111000001001100010000010000100000010000000000000010000000000100010000001001001010110000100000011110000000000101000001011000000000000010011001001010]
101      813      621      0,622869s [000111000001001100010000010000100000010000000000000010000000000100010000001001001010110000100000011110000000000101000001011000000000000010011001001010]
102      813      621      0,622869s [000111000001001100010000010000100000010000000000000010000000000100010000001001001010110000100000011110000000000101000001011000000000000010011001001010]
103      813      621      0,622869s [000111000001001100010000010000100000010000000000000010000000000100010000001001001010110000100000011110000000000101000001011000000000000010011001001010]
------------------------------------------------------------------------------------
[Statistics]
Runtime       0,000000

                     #        bweight  bvalue   squality
                     51       813      621      0,622869
Plateau  |  Longest sequence 0-0 with improvement less average 0.0%.
