Evaluation  |  2020-04-20 12:48
Configuration:  sa_default_19.json
                SA  |  Max Temp (500.0)  |  Cooling Rate (0.8)
====================================================================================
#        bweight  bvalue   squality knapsack
------------------------------------------------------------------------------------
1        797      564      0,565697s [000010100010001000110000000011000000000000010000100000000000010000001100010000010010000000001101010010100000001000010100010101100000000010000101000010]
2        797      564      0,565697s [000010100010001000110000000011000000000000010000100000000000010000001100010000010010000000001101010010100000001000010100010101100000000010000101000010]
3        797      564      0,565697s [000010100010001000110000000011000000000000010000100000000000010000001100010000010010000000001101010010100000001000010100010101100000000010000101000010]
4        796      575      0,576730s [100010100010001000110000000000000000000000000000100000100000010000001100000100000000000000010101010010101000001000010000000101100000000011000101000000]
5        796      564      0,565697s [100010100010001000110000000000000000000000000000100000100000010000001100000100000000000000010101010010101000001000010000000101100000000011000101000000]
6        796      564      0,565697s [100010100010001000110000000000000000000000000000100000100000010000001100000100000000000000010101010010101000001000010000000101100000000011000101000000]
7        814      569      0,570712s [000010100010011000100000000000000001000000000000100000100000010000001100000100000000000100010101110010001000001000010000000100100000000011000101010000]
8        814      563      0,564694s [000010100010011000100000000000000001000000000000100000100000010000001100000100000000000100010101110010001000001000010000000100100000000011000101010000]
9        809      576      0,577733s [000010101010001000100000000100000001000000000000100000100000000000001100000100000000000100010101110010001000001000010000000100100000000011000101010000]
10       809      586      0,587763s [000010101010001000100000000100000001000000000000100000100000000000001100000100000000000100010101110010001000001000010000000100100000000011000101010000]
11       817      598      0,599799s [000010101010001000100000000100000001000000000000100000100000000000001100000100000000010000010101110010001010001000000000000100100000000011000101010000]
12       817      601      0,602808s [000010101010001000100000000100000001000000000000100000100000000000001100000100000000010000010101110010001010001000000000000100100000000011000101010000]
13       817      601      0,602808s [000010101010001000100000000100000001000000000000100000100000000000001100000100000000010000010101110010001010001000000000000100100000000011000101010000]
14       817      601      0,602808s [000010101010001000100000000100000001000000000000100000100000000000001100000100000000010000010101110010001010001000000000000100100000000011000101010000]
15       817      601      0,602808s [000010101010001000100000000100000001000000000000100000100000000000001100000100000000010000010101110010001010001000000000000100100000000011000101010000]
16       817      601      0,602808s [000010101010001000100000000100000001000000000000100000100000000000001100000100000000010000010101110010001010001000000000000100100000000011000101010000]
17       817      601      0,602808s [000010101010001000100000000100000001000000000000100000100000000000001100000100000000010000010101110010001010001000000000000100100000000011000101010000]
18       817      601      0,602808s [000010101010001000100000000100000001000000000000100000100000000000001100000100000000010000010101110010001010001000000000000100100000000011000101010000]
19       817      601      0,602808s [000010101010001000100000000100000001000000000000100000100000000000001100000100000000010000010101110010001010001000000000000100100000000011000101010000]
20       817      601      0,602808s [000010101010001000100000000100000001000000000000100000100000000000001100000100000000010000010101110010001010001000000000000100100000000011000101010000]
21       817      601      0,602808s [000010101010001000100000000100000001000000000000100000100000000000001100000100000000010000010101110010001010001000000000000100100000000011000101010000]
22       817      601      0,602808s [000010101010001000100000000100000001000000000000100000100000000000001100000100000000010000010101110010001010001000000000000100100000000011000101010000]
23       821      614      0,615848s [000110100010000000000001100000000001000000100000100000000000100000000100100101101000010100001100100000100010001101000000000100100000100011000101010000]
24       821      632      0,633902s [000110100010000000000001100000000001000000100000100000000000100000000100100101101000010100001100100000100010001101000000000100100000100011000101010000]
25       821      632      0,633902s [000110100010000000000001100000000001000000100000100000000000100000000100100101101000010100001100100000100010001101000000000100100000100011000101010000]
26       821      632      0,633902s [000110100010000000000001100000000001000000100000100000000000100000000100100101101000010100001100100000100010001101000000000100100000100011000101010000]
27       821      632      0,633902s [000110100010000000000001100000000001000000100000100000000000100000000100100101101000010100001100100000100010001101000000000100100000100011000101010000]
28       821      632      0,633902s [000110100010000000000001100000000001000000100000100000000000100000000100100101101000010100001100100000100010001101000000000100100000100011000101010000]
29       821      632      0,633902s [000110100010000000000001100000000001000000100000100000000000100000000100100101101000010100001100100000100010001101000000000100100000100011000101010000]
30       821      632      0,633902s [000110100010000000000001100000000001000000100000100000000000100000000100100101101000010100001100100000100010001101000000000100100000100011000101010000]
31       821      632      0,633902s [000110100010000000000001100000000001000000100000100000000000100000000100100101101000010100001100100000100010001101000000000100100000100011000101010000]
32       821      632      0,633902s [000110100010000000000001100000000001000000100000100000000000100000000100100101101000010100001100100000100010001101000000000100100000100011000101010000]
33       821      632      0,633902s [000110100010000000000001100000000001000000100000100000000000100000000100100101101000010100001100100000100010001101000000000100100000100011000101010000]
34       821      632      0,633902s [000110100010000000000001100000000001000000100000100000000000100000000100100101101000010100001100100000100010001101000000000100100000100011000101010000]
35       821      632      0,633902s [000110100010000000000001100000000001000000100000100000000000100000000100100101101000010100001100100000100010001101000000000100100000100011000101010000]
36       821      632      0,633902s [000110100010000000000001100000000001000000100000100000000000100000000100100101101000010100001100100000100010001101000000000100100000100011000101010000]
37       821      632      0,633902s [000110100010000000000001100000000001000000100000100000000000100000000100100101101000010100001100100000100010001101000000000100100000100011000101010000]
38       821      632      0,633902s [000110100010000000000001100000000001000000100000100000000000100000000100100101101000010100001100100000100010001101000000000100100000100011000101010000]
39       821      632      0,633902s [000110100010000000000001100000000001000000100000100000000000100000000100100101101000010100001100100000100010001101000000000100100000100011000101010000]
40       821      632      0,633902s [000110100010000000000001100000000001000000100000100000000000100000000100100101101000010100001100100000100010001101000000000100100000100011000101010000]
41       821      632      0,633902s [000110100010000000000001100000000001000000100000100000000000100000000100100101101000010100001100100000100010001101000000000100100000100011000101010000]
42       821      632      0,633902s [000110100010000000000001100000000001000000100000100000000000100000000100100101101000010100001100100000100010001101000000000100100000100011000101010000]
43       821      632      0,633902s [000110100010000000000001100000000001000000100000100000000000100000000100100101101000010100001100100000100010001101000000000100100000100011000101010000]
44       821      632      0,633902s [000110100010000000000001100000000001000000100000100000000000100000000100100101101000010100001100100000100010001101000000000100100000100011000101010000]
45       821      632      0,633902s [000110100010000000000001100000000001000000100000100000000000100000000100100101101000010100001100100000100010001101000000000100100000100011000101010000]
46       821      632      0,633902s [000110100010000000000001100000000001000000100000100000000000100000000100100101101000010100001100100000100010001101000000000100100000100011000101010000]
47       821      632      0,633902s [000110100010000000000001100000000001000000100000100000000000100000000100100101101000010100001100100000100010001101000000000100100000100011000101010000]
48       821      632      0,633902s [000110100010000000000001100000000001000000100000100000000000100000000100100101101000010100001100100000100010001101000000000100100000100011000101010000]
49       821      632      0,633902s [000110100010000000000001100000000001000000100000100000000000100000000100100101101000010100001100100000100010001101000000000100100000100011000101010000]
------------------------------------------------------------------------------------
[Statistics]
Runtime       0,000000

                     #        bweight  bvalue   squality
                     24       821      632      0,633902
Plateau  |  Longest sequence 0-0 with improvement less average 0.0%.
