Evaluation  |  2020-04-20 12:47
Configuration:  sa_default_15.json
                SA  |  Max Temp (2500.0)  |  Cooling Rate (0.9)
====================================================================================
#        bweight  bvalue   squality knapsack
------------------------------------------------------------------------------------
1        801      557      0,558676s [010110001000000000110110000000100000000010011010100011000000010000000000000010001000000100011000010000010000001110000100000000000000001000000101100110]
2        801      557      0,558676s [010110001000000000110110000000100000000010011010100011000000010000000000000010001000000100011000010000010000001110000100000000000000001000000101100110]
3        801      557      0,558676s [010110001000000000110110000000100000000010011010100011000000010000000000000010001000000100011000010000010000001110000100000000000000001000000101100110]
4        801      557      0,558676s [010110001000000000110110000000100000000010011010100011000000010000000000000010001000000100011000010000010000001110000100000000000000001000000101100110]
5        801      557      0,558676s [010110001000000000110110000000100000000010011010100011000000010000000000000010001000000100011000010000010000001110000100000000000000001000000101100110]
6        801      557      0,558676s [010110001000000000110110000000100000000010011010100011000000010000000000000010001000000100011000010000010000001110000100000000000000001000000101100110]
7        801      557      0,558676s [010110001000000000110110000000100000000010011010100011000000010000000000000010001000000100011000010000010000001110000100000000000000001000000101100110]
8        801      557      0,558676s [010110001000000000110110000000100000000010011010100011000000010000000000000010001000000100011000010000010000001110000100000000000000001000000101100110]
9        801      557      0,558676s [010110001000000000110110000000100000000010011010100011000000010000000000000010001000000100011000010000010000001110000100000000000000001000000101100110]
10       801      557      0,558676s [010110001000000000110110000000100000000010011010100011000000010000000000000010001000000100011000010000010000001110000100000000000000001000000101100110]
11       801      557      0,558676s [010110001000000000110110000000100000000010011010100011000000010000000000000010001000000100011000010000010000001110000100000000000000001000000101100110]
12       801      557      0,558676s [010110001000000000110110000000100000000010011010100011000000010000000000000010001000000100011000010000010000001110000100000000000000001000000101100110]
13       801      557      0,558676s [010110001000000000110110000000100000000010011010100011000000010000000000000010001000000100011000010000010000001110000100000000000000001000000101100110]
14       801      557      0,558676s [010110001000000000110110000000100000000010011010100011000000010000000000000010001000000100011000010000010000001110000100000000000000001000000101100110]
15       801      557      0,558676s [010110001000000000110110000000100000000010011010100011000000010000000000000010001000000100011000010000010000001110000100000000000000001000000101100110]
16       801      557      0,558676s [010110001000000000110110000000100000000010011010100011000000010000000000000010001000000100011000010000010000001110000100000000000000001000000101100110]
17       801      557      0,558676s [010110001000000000110110000000100000000010011010100011000000010000000000000010001000000100011000010000010000001110000100000000000000001000000101100110]
18       801      557      0,558676s [010110001000000000110110000000100000000010011010100011000000010000000000000010001000000100011000010000010000001110000100000000000000001000000101100110]
19       801      557      0,558676s [010110001000000000110110000000100000000010011010100011000000010000000000000010001000000100011000010000010000001110000100000000000000001000000101100110]
20       801      557      0,558676s [010110001000000000110110000000100000000010011010100011000000010000000000000010001000000100011000010000010000001110000100000000000000001000000101100110]
21       801      557      0,558676s [010110001000000000110110000000100000000010011010100011000000010000000000000010001000000100011000010000010000001110000100000000000000001000000101100110]
22       801      557      0,558676s [010110001000000000110110000000100000000010011010100011000000010000000000000010001000000100011000010000010000001110000100000000000000001000000101100110]
23       801      557      0,558676s [010110001000000000110110000000100000000010011010100011000000010000000000000010001000000100011000010000010000001110000100000000000000001000000101100110]
24       801      557      0,558676s [010110001000000000110110000000100000000010011010100011000000010000000000000010001000000100011000010000010000001110000100000000000000001000000101100110]
25       801      557      0,558676s [010110001000000000110110000000100000000010011010100011000000010000000000000010001000000100011000010000010000001110000100000000000000001000000101100110]
26       801      557      0,558676s [010110001000000000110110000000100000000010011010100011000000010000000000000010001000000100011000010000010000001110000100000000000000001000000101100110]
27       801      557      0,558676s [010110001000000000110110000000100000000010011010100011000000010000000000000010001000000100011000010000010000001110000100000000000000001000000101100110]
28       801      557      0,558676s [010110001000000000110110000000100000000010011010100011000000010000000000000010001000000100011000010000010000001110000100000000000000001000000101100110]
29       801      557      0,558676s [010110001000000000110110000000100000000010011010100011000000010000000000000010001000000100011000010000010000001110000100000000000000001000000101100110]
30       801      557      0,558676s [010110001000000000110110000000100000000010011010100011000000010000000000000010001000000100011000010000010000001110000100000000000000001000000101100110]
31       801      557      0,558676s [010110001000000000110110000000100000000010011010100011000000010000000000000010001000000100011000010000010000001110000100000000000000001000000101100110]
32       801      557      0,558676s [010110001000000000110110000000100000000010011010100011000000010000000000000010001000000100011000010000010000001110000100000000000000001000000101100110]
33       801      557      0,558676s [010110001000000000110110000000100000000010011010100011000000010000000000000010001000000100011000010000010000001110000100000000000000001000000101100110]
34       801      557      0,558676s [010110001000000000110110000000100000000010011010100011000000010000000000000010001000000100011000010000010000001110000100000000000000001000000101100110]
35       801      557      0,558676s [010110001000000000110110000000100000000010011010100011000000010000000000000010001000000100011000010000010000001110000100000000000000001000000101100110]
36       801      557      0,558676s [010110001000000000110110000000100000000010011010100011000000010000000000000010001000000100011000010000010000001110000100000000000000001000000101100110]
37       801      557      0,558676s [010110001000000000110110000000100000000010011010100011000000010000000000000010001000000100011000010000010000001110000100000000000000001000000101100110]
38       801      557      0,558676s [010110001000000000110110000000100000000010011010100011000000010000000000000010001000000100011000010000010000001110000100000000000000001000000101100110]
39       801      557      0,558676s [010110001000000000110110000000100000000010011010100011000000010000000000000010001000000100011000010000010000001110000100000000000000001000000101100110]
40       801      557      0,558676s [010110001000000000110110000000100000000010011010100011000000010000000000000010001000000100011000010000010000001110000100000000000000001000000101100110]
41       801      557      0,558676s [010110001000000000110110000000100000000010011010100011000000010000000000000010001000000100011000010000010000001110000100000000000000001000000101100110]
42       801      557      0,558676s [010110001000000000110110000000100000000010011010100011000000010000000000000010001000000100011000010000010000001110000100000000000000001000000101100110]
43       801      557      0,558676s [010110001000000000110110000000100000000010011010100011000000010000000000000010001000000100011000010000010000001110000100000000000000001000000101100110]
44       801      557      0,558676s [010110001000000000110110000000100000000010011010100011000000010000000000000010001000000100011000010000010000001110000100000000000000001000000101100110]
45       801      557      0,558676s [010110001000000000110110000000100000000010011010100011000000010000000000000010001000000100011000010000010000001110000100000000000000001000000101100110]
46       801      557      0,558676s [010110001000000000110110000000100000000010011010100011000000010000000000000010001000000100011000010000010000001110000100000000000000001000000101100110]
47       801      557      0,558676s [010110001000000000110110000000100000000010011010100011000000010000000000000010001000000100011000010000010000001110000100000000000000001000000101100110]
48       801      557      0,558676s [010110001000000000110110000000100000000010011010100011000000010000000000000010001000000100011000010000010000001110000100000000000000001000000101100110]
49       801      557      0,558676s [010110001000000000110110000000100000000010011010100011000000010000000000000010001000000100011000010000010000001110000100000000000000001000000101100110]
50       801      557      0,558676s [010110001000000000110110000000100000000010011010100011000000010000000000000010001000000100011000010000010000001110000100000000000000001000000101100110]
51       801      557      0,558676s [010110001000000000110110000000100000000010011010100011000000010000000000000010001000000100011000010000010000001110000100000000000000001000000101100110]
52       801      557      0,558676s [010110001000000000110110000000100000000010011010100011000000010000000000000010001000000100011000010000010000001110000100000000000000001000000101100110]
53       801      557      0,558676s [010110001000000000110110000000100000000010011010100011000000010000000000000010001000000100011000010000010000001110000100000000000000001000000101100110]
54       801      557      0,558676s [010110001000000000110110000000100000000010011010100011000000010000000000000010001000000100011000010000010000001110000100000000000000001000000101100110]
55       801      557      0,558676s [010110001000000000110110000000100000000010011010100011000000010000000000000010001000000100011000010000010000001110000100000000000000001000000101100110]
56       801      557      0,558676s [010110001000000000110110000000100000000010011010100011000000010000000000000010001000000100011000010000010000001110000100000000000000001000000101100110]
57       801      557      0,558676s [010110001000000000110110000000100000000010011010100011000000010000000000000010001000000100011000010000010000001110000100000000000000001000000101100110]
58       801      557      0,558676s [010110001000000000110110000000100000000010011010100011000000010000000000000010001000000100011000010000010000001110000100000000000000001000000101100110]
59       801      557      0,558676s [010110001000000000110110000000100000000010011010100011000000010000000000000010001000000100011000010000010000001110000100000000000000001000000101100110]
60       801      557      0,558676s [010110001000000000110110000000100000000010011010100011000000010000000000000010001000000100011000010000010000001110000100000000000000001000000101100110]
61       801      557      0,558676s [010110001000000000110110000000100000000010011010100011000000010000000000000010001000000100011000010000010000001110000100000000000000001000000101100110]
62       801      557      0,558676s [010110001000000000110110000000100000000010011010100011000000010000000000000010001000000100011000010000010000001110000100000000000000001000000101100110]
63       801      557      0,558676s [010110001000000000110110000000100000000010011010100011000000010000000000000010001000000100011000010000010000001110000100000000000000001000000101100110]
64       801      557      0,558676s [010110001000000000110110000000100000000010011010100011000000010000000000000010001000000100011000010000010000001110000100000000000000001000000101100110]
65       801      557      0,558676s [010110001000000000110110000000100000000010011010100011000000010000000000000010001000000100011000010000010000001110000100000000000000001000000101100110]
66       801      557      0,558676s [010110001000000000110110000000100000000010011010100011000000010000000000000010001000000100011000010000010000001110000100000000000000001000000101100110]
67       801      557      0,558676s [010110001000000000110110000000100000000010011010100011000000010000000000000010001000000100011000010000010000001110000100000000000000001000000101100110]
68       801      557      0,558676s [010110001000000000110110000000100000000010011010100011000000010000000000000010001000000100011000010000010000001110000100000000000000001000000101100110]
69       801      557      0,558676s [010110001000000000110110000000100000000010011010100011000000010000000000000010001000000100011000010000010000001110000100000000000000001000000101100110]
70       801      557      0,558676s [010110001000000000110110000000100000000010011010100011000000010000000000000010001000000100011000010000010000001110000100000000000000001000000101100110]
71       801      557      0,558676s [010110001000000000110110000000100000000010011010100011000000010000000000000010001000000100011000010000010000001110000100000000000000001000000101100110]
72       801      557      0,558676s [010110001000000000110110000000100000000010011010100011000000010000000000000010001000000100011000010000010000001110000100000000000000001000000101100110]
73       801      557      0,558676s [010110001000000000110110000000100000000010011010100011000000010000000000000010001000000100011000010000010000001110000100000000000000001000000101100110]
74       801      557      0,558676s [010110001000000000110110000000100000000010011010100011000000010000000000000010001000000100011000010000010000001110000100000000000000001000000101100110]
75       801      557      0,558676s [010110001000000000110110000000100000000010011010100011000000010000000000000010001000000100011000010000010000001110000100000000000000001000000101100110]
76       801      557      0,558676s [010110001000000000110110000000100000000010011010100011000000010000000000000010001000000100011000010000010000001110000100000000000000001000000101100110]
77       801      557      0,558676s [010110001000000000110110000000100000000010011010100011000000010000000000000010001000000100011000010000010000001110000100000000000000001000000101100110]
78       801      557      0,558676s [010110001000000000110110000000100000000010011010100011000000010000000000000010001000000100011000010000010000001110000100000000000000001000000101100110]
79       801      557      0,558676s [010110001000000000110110000000100000000010011010100011000000010000000000000010001000000100011000010000010000001110000100000000000000001000000101100110]
80       801      557      0,558676s [010110001000000000110110000000100000000010011010100011000000010000000000000010001000000100011000010000010000001110000100000000000000001000000101100110]
81       801      557      0,558676s [010110001000000000110110000000100000000010011010100011000000010000000000000010001000000100011000010000010000001110000100000000000000001000000101100110]
82       801      557      0,558676s [010110001000000000110110000000100000000010011010100011000000010000000000000010001000000100011000010000010000001110000100000000000000001000000101100110]
83       801      557      0,558676s [010110001000000000110110000000100000000010011010100011000000010000000000000010001000000100011000010000010000001110000100000000000000001000000101100110]
84       801      557      0,558676s [010110001000000000110110000000100000000010011010100011000000010000000000000010001000000100011000010000010000001110000100000000000000001000000101100110]
85       801      557      0,558676s [010110001000000000110110000000100000000010011010100011000000010000000000000010001000000100011000010000010000001110000100000000000000001000000101100110]
86       801      557      0,558676s [010110001000000000110110000000100000000010011010100011000000010000000000000010001000000100011000010000010000001110000100000000000000001000000101100110]
87       801      557      0,558676s [010110001000000000110110000000100000000010011010100011000000010000000000000010001000000100011000010000010000001110000100000000000000001000000101100110]
88       801      557      0,558676s [010110001000000000110110000000100000000010011010100011000000010000000000000010001000000100011000010000010000001110000100000000000000001000000101100110]
89       799      558      0,559679s [000000011000010000010001001100001010010110001000000101000101000001100000100100010010001000000000000100000001000001000000000000010010000100000110000000]
90       799      564      0,565697s [000000011000010000010001001100001010010110001000000101000101000001100000100100010010001000000000000100000001000001000000000000010010000100000110000000]
91       799      564      0,565697s [000000011000010000010001001100001010010110001000000101000101000001100000100100010010001000000000000100000001000001000000000000010010000100000110000000]
92       805      574      0,575727s [000001001000010000010001001100000010010110001000000101001100001001100000100100010010001000000000000100010001000001000000000000010010000100000010000000]
93       805      558      0,559679s [000001001000010000010001001100000010010110001000000101001100001001100000100100010010001000000000000100010001000001000000000000010010000100000010000000]
94       820      583      0,584754s [000011001000010000011001001100000010010110001000000101000100001001100000100100010000000000000000000001000001000001000001000000010010000100000011000000]
95       820      558      0,559679s [000011001000010000011001001100000010010110001000000101000100001001100000100100010000000000000000000001000001000001000001000000010010000100000011000000]
96       822      565      0,566700s [000001001000000000111001001100000010000110001000000101000110001001100001100100010000000000000000000001000001000001000000000000010010000100000011000000]
97       822      566      0,567703s [000001001000000000111001001100000010000110001000000101000110001001100001100100010000000000000000000001000001000001000000000000010010000100000011000000]
98       822      566      0,567703s [000001001000000000111001001100000010000110001000000101000110001001100001100100010000000000000000000001000001000001000000000000010010000100000011000000]
99       814      575      0,576730s [000001000000000010110001001000000010000110001000000001000110011001100001100000010000000010000000000000000011000000000000000010010010000100000011100000]
100      814      536      0,537613s [000001000000000010110001001000000010000110001000000001000110011001100001100000010000000010000000000000000011000000000000000010010010000100000011100000]
101      814      536      0,537613s [000001000000000010110001001000000010000110001000000001000110011001100001100000010000000010000000000000000011000000000000000010010010000100000011100000]
102      786      548      0,549649s [000001000000000010111001001000000010001110001000000001000110000001100100100000010000000010000000000000010001000010000000010011000010000100000010000000]
103      786      523      0,524574s [000001000000000010111001001000000010001110001000000001000110000001100100100000010000000010000000000000010001000010000000010011000010000100000010000000]
104      786      523      0,524574s [000001000000000010111001001000000010001110001000000001000110000001100100100000010000000010000000000000010001000010000000010011000010000100000010000000]
105      786      523      0,524574s [000001000000000010111001001000000010001110001000000001000110000001100100100000010000000010000000000000010001000010000000010011000010000100000010000000]
106      786      523      0,524574s [000001000000000010111001001000000010001110001000000001000110000001100100100000010000000010000000000000010001000010000000010011000010000100000010000000]
107      786      523      0,524574s [000001000000000010111001001000000010001110001000000001000110000001100100100000010000000010000000000000010001000010000000010011000010000100000010000000]
108      786      523      0,524574s [000001000000000010111001001000000010001110001000000001000110000001100100100000010000000010000000000000010001000010000000010011000010000100000010000000]
109      819      551      0,552658s [000000000010011010111001000000000000000100001010000001000010000001100100100000000000000110000011000000010001000011000000010010010010000100000010000000]
110      819      569      0,570712s [000000000010011010111001000000000000000100001010000001000010000001100100100000000000000110000011000000010001000011000000010010010010000100000010000000]
111      819      569      0,570712s [000000000010011010111001000000000000000100001010000001000010000001100100100000000000000110000011000000010001000011000000010010010010000100000010000000]
112      819      569      0,570712s [000000000010011010111001000000000000000100001010000001000010000001100100100000000000000110000011000000010001000011000000010010010010000100000010000000]
113      819      569      0,570712s [000000000010011010111001000000000000000100001010000001000010000001100100100000000000000110000011000000010001000011000000010010010010000100000010000000]
114      819      569      0,570712s [000000000010011010111001000000000000000100001010000001000010000001100100100000000000000110000011000000010001000011000000010010010010000100000010000000]
115      819      569      0,570712s [000000000010011010111001000000000000000100001010000001000010000001100100100000000000000110000011000000010001000011000000010010010010000100000010000000]
116      819      569      0,570712s [000000000010011010111001000000000000000100001010000001000010000001100100100000000000000110000011000000010001000011000000010010010010000100000010000000]
117      819      569      0,570712s [000000000010011010111001000000000000000100001010000001000010000001100100100000000000000110000011000000010001000011000000010010010010000100000010000000]
118      819      569      0,570712s [000000000010011010111001000000000000000100001010000001000010000001100100100000000000000110000011000000010001000011000000010010010010000100000010000000]
------------------------------------------------------------------------------------
[Statistics]
Runtime       0,000000

                     #        bweight  bvalue   squality
                     59       801      557      0,558676
Plateau  |  Longest sequence 0-0 with improvement less average 0.0%.
