Evaluation  |  2020-04-20 12:48
Configuration:  sa_default_18.json
                SA  |  Max Temp (500.0)  |  Cooling Rate (0.7)
====================================================================================
#        bweight  bvalue   squality knapsack
------------------------------------------------------------------------------------
1        804      553      0,554664s [101010000011000001010101000000000000000000000000000000000100100000000011100000100000000100001001001111000000010100100010010000001110000100000000100100]
2        810      575      0,576730s [101000000011000001110001000000000000000001000001000000000100100000000011100000100000000100001001001111000000010100100010010000001010000100000000100100]
3        810      566      0,567703s [101000000011000001110001000000000000000001000001000000000100100000000011100000100000000100001001001111000000010100100010010000001010000100000000100100]
4        810      585      0,586760s [101000000011000001110001000000000000001000000000000000000000100000000011000000100000000100001001001111000000010100001010010001001010000100000000000100]
5        810      526      0,527583s [101000000011000001110001000000000000001000000000000000000000100000000011000000100000000100001001001111000000010100001010010001001010000100000000000100]
6        810      526      0,527583s [101000000011000001110001000000000000001000000000000000000000100000000011000000100000000100001001001111000000010100001010010001001010000100000000000100]
7        810      526      0,527583s [101000000011000001110001000000000000001000000000000000000000100000000011000000100000000100001001001111000000010100001010010001001010000100000000000100]
8        786      530      0,531595s [001000000011010000010001001001000000001000100000000000000000001000000001100000000001000100001001000011000000011000001111010000101010000101000000000100]
9        786      535      0,536610s [001000000011010000010001001001000000001000100000000000000000001000000001100000000001000100001001000011000000011000001111010000101010000101000000000100]
10       819      563      0,564694s [001000010011010000010001001001000000001000100000000000000000001001000001100000000001000100001001000011000000011000001101010000101010000101000000000100]
11       819      575      0,576730s [001000010011010000010001001001000000001000100000000000000000001001000001100000000001000100001001000011000000011000001101010000101010000101000000000100]
12       819      575      0,576730s [001000010011010000010001001001000000001000100000000000000000001001000001100000000001000100001001000011000000011000001101010000101010000101000000000100]
13       819      575      0,576730s [001000010011010000010001001001000000001000100000000000000000001001000001100000000001000100001001000011000000011000001101010000101010000101000000000100]
14       819      575      0,576730s [001000010011010000010001001001000000001000100000000000000000001001000001100000000001000100001001000011000000011000001101010000101010000101000000000100]
15       819      575      0,576730s [001000010011010000010001001001000000001000100000000000000000001001000001100000000001000100001001000011000000011000001101010000101010000101000000000100]
16       817      581      0,582748s [001100010011000000010000010001000010001000100000000110000000000011001001100000000001000000001011000001000000001000001100010000001010000001000000001000]
17       817      556      0,557673s [001100010011000000010000010001000010001000100000000110000000000011001001100000000001000000001011000001000000001000001100010000001010000001000000001000]
18       817      556      0,557673s [001100010011000000010000010001000010001000100000000110000000000011001001100000000001000000001011000001000000001000001100010000001010000001000000001000]
19       818      593      0,594784s [000100010011000000010000010001000010001000000000000010000000100010001001100010000011000000001011000001000000001000001100001001001011000001000000001000]
20       818      579      0,580742s [000100010011000000010000010001000010001000000000000010000000100010001001100010000011000000001011000001000000001000001100001001001011000001000000001000]
21       818      579      0,580742s [000100010011000000010000010001000010001000000000000010000000100010001001100010000011000000001011000001000000001000001100001001001011000001000000001000]
22       818      579      0,580742s [000100010011000000010000010001000010001000000000000010000000100010001001100010000011000000001011000001000000001000001100001001001011000001000000001000]
23       818      579      0,580742s [000100010011000000010000010001000010001000000000000010000000100010001001100010000011000000001011000001000000001000001100001001001011000001000000001000]
24       818      579      0,580742s [000100010011000000010000010001000010001000000000000010000000100010001001100010000011000000001011000001000000001000001100001001001011000001000000001000]
25       818      579      0,580742s [000100010011000000010000010001000010001000000000000010000000100010001001100010000011000000001011000001000000001000001100001001001011000001000000001000]
26       818      579      0,580742s [000100010011000000010000010001000010001000000000000010000000100010001001100010000011000000001011000001000000001000001100001001001011000001000000001000]
27       818      579      0,580742s [000100010011000000010000010001000010001000000000000010000000100010001001100010000011000000001011000001000000001000001100001001001011000001000000001000]
28       818      579      0,580742s [000100010011000000010000010001000010001000000000000010000000100010001001100010000011000000001011000001000000001000001100001001001011000001000000001000]
29       794      583      0,584754s [000000000000000010000001010010000010101000000000000110000000000110000011100000000000000001100001100001100000100000001100001000000001000001000001000001]
30       794      542      0,543631s [000000000000000010000001010010000010101000000000000110000000000110000011100000000000000001100001100001100000100000001100001000000001000001000001000001]
31       795      573      0,574724s [000000000010000010000001010010000010101001000000000110000000000110000001100000000000000001100011100001100000100000001100001000000001000001000001000001]
------------------------------------------------------------------------------------
[Statistics]
Runtime       0,000000

                     #        bweight  bvalue   squality
                     15       817      581      0,582748
Plateau  |  Longest sequence 0-0 with improvement less average 0.0%.
