Evaluation  |  2020-04-20 12:47
Configuration:  sa_default_14.json
                SA  |  Max Temp (2500.0)  |  Cooling Rate (0.8)
====================================================================================
#        bweight  bvalue   squality knapsack
------------------------------------------------------------------------------------
1        821      509      0,510532s [100010000010000010000010010011000000000000001000000000000100000000000011100011011000010001001010001000001000001000000000001000110000000001011000101001]
2        819      541      0,542628s [100010000010000010000010010010000000000000001100000010000100000000000011100011010000010001101010001000001000000000000000001000110000000001011000101001]
3        819      538      0,539619s [100010000010000010000010010010000000000000001100000010000100000000000011100011010000010001101010001000001000000000000000001000110000000001011000101001]
4        819      538      0,539619s [100010000010000010000010010010000000000000001100000010000100000000000011100011010000010001101010001000001000000000000000001000110000000001011000101001]
5        816      549      0,550652s [000011000010000010001010010010000100000010000100000010000100000000000011100011100000000001000010001000001000000000000000000001110000000001001100001001]
6        816      543      0,544634s [000011000010000010001010010010000100000010000100000010000100000000000011100011100000000001000010001000001000000000000000000001110000000001001100001001]
7        816      543      0,544634s [000011000010000010001010010010000100000010000100000010000100000000000011100011100000000001000010001000001000000000000000000001110000000001001100001001]
8        816      543      0,544634s [000011000010000010001010010010000100000010000100000010000100000000000011100011100000000001000010001000001000000000000000000001110000000001001100001001]
9        816      543      0,544634s [000011000010000010001010010010000100000010000100000010000100000000000011100011100000000001000010001000001000000000000000000001110000000001001100001001]
10       816      543      0,544634s [000011000010000010001010010010000100000010000100000010000100000000000011100011100000000001000010001000001000000000000000000001110000000001001100001001]
11       816      543      0,544634s [000011000010000010001010010010000100000010000100000010000100000000000011100011100000000001000010001000001000000000000000000001110000000001001100001001]
12       816      543      0,544634s [000011000010000010001010010010000100000010000100000010000100000000000011100011100000000001000010001000001000000000000000000001110000000001001100001001]
13       816      543      0,544634s [000011000010000010001010010010000100000010000100000010000100000000000011100011100000000001000010001000001000000000000000000001110000000001001100001001]
14       816      543      0,544634s [000011000010000010001010010010000100000010000100000010000100000000000011100011100000000001000010001000001000000000000000000001110000000001001100001001]
15       816      543      0,544634s [000011000010000010001010010010000100000010000100000010000100000000000011100011100000000001000010001000001000000000000000000001110000000001001100001001]
16       816      543      0,544634s [000011000010000010001010010010000100000010000100000010000100000000000011100011100000000001000010001000001000000000000000000001110000000001001100001001]
17       816      543      0,544634s [000011000010000010001010010010000100000010000100000010000100000000000011100011100000000001000010001000001000000000000000000001110000000001001100001001]
18       816      543      0,544634s [000011000010000010001010010010000100000010000100000010000100000000000011100011100000000001000010001000001000000000000000000001110000000001001100001001]
19       816      543      0,544634s [000011000010000010001010010010000100000010000100000010000100000000000011100011100000000001000010001000001000000000000000000001110000000001001100001001]
20       816      543      0,544634s [000011000010000010001010010010000100000010000100000010000100000000000011100011100000000001000010001000001000000000000000000001110000000001001100001001]
21       816      543      0,544634s [000011000010000010001010010010000100000010000100000010000100000000000011100011100000000001000010001000001000000000000000000001110000000001001100001001]
22       816      543      0,544634s [000011000010000010001010010010000100000010000100000010000100000000000011100011100000000001000010001000001000000000000000000001110000000001001100001001]
23       816      543      0,544634s [000011000010000010001010010010000100000010000100000010000100000000000011100011100000000001000010001000001000000000000000000001110000000001001100001001]
24       816      543      0,544634s [000011000010000010001010010010000100000010000100000010000100000000000011100011100000000001000010001000001000000000000000000001110000000001001100001001]
25       816      543      0,544634s [000011000010000010001010010010000100000010000100000010000100000000000011100011100000000001000010001000001000000000000000000001110000000001001100001001]
26       816      543      0,544634s [000011000010000010001010010010000100000010000100000010000100000000000011100011100000000001000010001000001000000000000000000001110000000001001100001001]
27       816      543      0,544634s [000011000010000010001010010010000100000010000100000010000100000000000011100011100000000001000010001000001000000000000000000001110000000001001100001001]
28       816      543      0,544634s [000011000010000010001010010010000100000010000100000010000100000000000011100011100000000001000010001000001000000000000000000001110000000001001100001001]
29       816      543      0,544634s [000011000010000010001010010010000100000010000100000010000100000000000011100011100000000001000010001000001000000000000000000001110000000001001100001001]
30       816      543      0,544634s [000011000010000010001010010010000100000010000100000010000100000000000011100011100000000001000010001000001000000000000000000001110000000001001100001001]
31       816      543      0,544634s [000011000010000010001010010010000100000010000100000010000100000000000011100011100000000001000010001000001000000000000000000001110000000001001100001001]
32       816      543      0,544634s [000011000010000010001010010010000100000010000100000010000100000000000011100011100000000001000010001000001000000000000000000001110000000001001100001001]
33       816      543      0,544634s [000011000010000010001010010010000100000010000100000010000100000000000011100011100000000001000010001000001000000000000000000001110000000001001100001001]
34       816      543      0,544634s [000011000010000010001010010010000100000010000100000010000100000000000011100011100000000001000010001000001000000000000000000001110000000001001100001001]
35       816      543      0,544634s [000011000010000010001010010010000100000010000100000010000100000000000011100011100000000001000010001000001000000000000000000001110000000001001100001001]
36       816      543      0,544634s [000011000010000010001010010010000100000010000100000010000100000000000011100011100000000001000010001000001000000000000000000001110000000001001100001001]
37       816      543      0,544634s [000011000010000010001010010010000100000010000100000010000100000000000011100011100000000001000010001000001000000000000000000001110000000001001100001001]
38       816      543      0,544634s [000011000010000010001010010010000100000010000100000010000100000000000011100011100000000001000010001000001000000000000000000001110000000001001100001001]
39       816      543      0,544634s [000011000010000010001010010010000100000010000100000010000100000000000011100011100000000001000010001000001000000000000000000001110000000001001100001001]
40       816      543      0,544634s [000011000010000010001010010010000100000010000100000010000100000000000011100011100000000001000010001000001000000000000000000001110000000001001100001001]
41       816      543      0,544634s [000011000010000010001010010010000100000010000100000010000100000000000011100011100000000001000010001000001000000000000000000001110000000001001100001001]
42       816      543      0,544634s [000011000010000010001010010010000100000010000100000010000100000000000011100011100000000001000010001000001000000000000000000001110000000001001100001001]
43       816      543      0,544634s [000011000010000010001010010010000100000010000100000010000100000000000011100011100000000001000010001000001000000000000000000001110000000001001100001001]
44       816      543      0,544634s [000011000010000010001010010010000100000010000100000010000100000000000011100011100000000001000010001000001000000000000000000001110000000001001100001001]
45       816      543      0,544634s [000011000010000010001010010010000100000010000100000010000100000000000011100011100000000001000010001000001000000000000000000001110000000001001100001001]
46       816      543      0,544634s [000011000010000010001010010010000100000010000100000010000100000000000011100011100000000001000010001000001000000000000000000001110000000001001100001001]
47       816      543      0,544634s [000011000010000010001010010010000100000010000100000010000100000000000011100011100000000001000010001000001000000000000000000001110000000001001100001001]
48       816      543      0,544634s [000011000010000010001010010010000100000010000100000010000100000000000011100011100000000001000010001000001000000000000000000001110000000001001100001001]
49       816      543      0,544634s [000011000010000010001010010010000100000010000100000010000100000000000011100011100000000001000010001000001000000000000000000001110000000001001100001001]
50       816      543      0,544634s [000011000010000010001010010010000100000010000100000010000100000000000011100011100000000001000010001000001000000000000000000001110000000001001100001001]
51       816      543      0,544634s [000011000010000010001010010010000100000010000100000010000100000000000011100011100000000001000010001000001000000000000000000001110000000001001100001001]
52       816      543      0,544634s [000011000010000010001010010010000100000010000100000010000100000000000011100011100000000001000010001000001000000000000000000001110000000001001100001001]
53       816      543      0,544634s [000011000010000010001010010010000100000010000100000010000100000000000011100011100000000001000010001000001000000000000000000001110000000001001100001001]
54       816      543      0,544634s [000011000010000010001010010010000100000010000100000010000100000000000011100011100000000001000010001000001000000000000000000001110000000001001100001001]
55       816      543      0,544634s [000011000010000010001010010010000100000010000100000010000100000000000011100011100000000001000010001000001000000000000000000001110000000001001100001001]
56       816      543      0,544634s [000011000010000010001010010010000100000010000100000010000100000000000011100011100000000001000010001000001000000000000000000001110000000001001100001001]
------------------------------------------------------------------------------------
[Statistics]
Runtime      16,000000

                     #        bweight  bvalue   squality
                     28       816      543      0,544634
Plateau  |  Longest sequence 0-0 with improvement less average 0.0%.
