Evaluation  |  2020-04-20 12:47
Configuration:  sa_default_13.json
                SA  |  Max Temp (2500.0)  |  Cooling Rate (0.7)
====================================================================================
#        bweight  bvalue   squality knapsack
------------------------------------------------------------------------------------
1        812      611      0,612839s [000000000010000000100011000001100100101010000000100110001011010100000001000100001001010000000010001001000000000001001001100000000100000000101101000100]
2        812      611      0,612839s [000000000010000000100011000001100100101010000000100110001011010100000001000100001001010000000010001001000000000001001001100000000100000000101101000100]
3        812      611      0,612839s [000000000010000000100011000001100100101010000000100110001011010100000001000100001001010000000010001001000000000001001001100000000100000000101101000100]
4        812      611      0,612839s [000000000010000000100011000001100100101010000000100110001011010100000001000100001001010000000010001001000000000001001001100000000100000000101101000100]
5        804      638      0,639920s [010000000110000000100011000001100000000010000000000110000011111000000001100100001101010000000001011001000000000111001001000000000100000000001101000000]
6        804      640      0,641926s [010000000110000000100011000001100000000010000000000110000011111000000001100100001101010000000001011001000000000111001001000000000100000000001101000000]
7        804      640      0,641926s [010000000110000000100011000001100000000010000000000110000011111000000001100100001101010000000001011001000000000111001001000000000100000000001101000000]
8        804      640      0,641926s [010000000110000000100011000001100000000010000000000110000011111000000001100100001101010000000001011001000000000111001001000000000100000000001101000000]
9        804      640      0,641926s [010000000110000000100011000001100000000010000000000110000011111000000001100100001101010000000001011001000000000111001001000000000100000000001101000000]
10       804      640      0,641926s [010000000110000000100011000001100000000010000000000110000011111000000001100100001101010000000001011001000000000111001001000000000100000000001101000000]
11       804      640      0,641926s [010000000110000000100011000001100000000010000000000110000011111000000001100100001101010000000001011001000000000111001001000000000100000000001101000000]
12       804      640      0,641926s [010000000110000000100011000001100000000010000000000110000011111000000001100100001101010000000001011001000000000111001001000000000100000000001101000000]
13       804      640      0,641926s [010000000110000000100011000001100000000010000000000110000011111000000001100100001101010000000001011001000000000111001001000000000100000000001101000000]
14       804      640      0,641926s [010000000110000000100011000001100000000010000000000110000011111000000001100100001101010000000001011001000000000111001001000000000100000000001101000000]
15       804      640      0,641926s [010000000110000000100011000001100000000010000000000110000011111000000001100100001101010000000001011001000000000111001001000000000100000000001101000000]
16       804      640      0,641926s [010000000110000000100011000001100000000010000000000110000011111000000001100100001101010000000001011001000000000111001001000000000100000000001101000000]
17       804      640      0,641926s [010000000110000000100011000001100000000010000000000110000011111000000001100100001101010000000001011001000000000111001001000000000100000000001101000000]
18       804      640      0,641926s [010000000110000000100011000001100000000010000000000110000011111000000001100100001101010000000001011001000000000111001001000000000100000000001101000000]
19       804      640      0,641926s [010000000110000000100011000001100000000010000000000110000011111000000001100100001101010000000001011001000000000111001001000000000100000000001101000000]
20       804      640      0,641926s [010000000110000000100011000001100000000010000000000110000011111000000001100100001101010000000001011001000000000111001001000000000100000000001101000000]
21       804      640      0,641926s [010000000110000000100011000001100000000010000000000110000011111000000001100100001101010000000001011001000000000111001001000000000100000000001101000000]
22       804      640      0,641926s [010000000110000000100011000001100000000010000000000110000011111000000001100100001101010000000001011001000000000111001001000000000100000000001101000000]
23       804      640      0,641926s [010000000110000000100011000001100000000010000000000110000011111000000001100100001101010000000001011001000000000111001001000000000100000000001101000000]
24       804      640      0,641926s [010000000110000000100011000001100000000010000000000110000011111000000001100100001101010000000001011001000000000111001001000000000100000000001101000000]
25       804      640      0,641926s [010000000110000000100011000001100000000010000000000110000011111000000001100100001101010000000001011001000000000111001001000000000100000000001101000000]
26       804      640      0,641926s [010000000110000000100011000001100000000010000000000110000011111000000001100100001101010000000001011001000000000111001001000000000100000000001101000000]
27       804      640      0,641926s [010000000110000000100011000001100000000010000000000110000011111000000001100100001101010000000001011001000000000111001001000000000100000000001101000000]
28       804      640      0,641926s [010000000110000000100011000001100000000010000000000110000011111000000001100100001101010000000001011001000000000111001001000000000100000000001101000000]
29       804      640      0,641926s [010000000110000000100011000001100000000010000000000110000011111000000001100100001101010000000001011001000000000111001001000000000100000000001101000000]
30       804      640      0,641926s [010000000110000000100011000001100000000010000000000110000011111000000001100100001101010000000001011001000000000111001001000000000100000000001101000000]
31       804      640      0,641926s [010000000110000000100011000001100000000010000000000110000011111000000001100100001101010000000001011001000000000111001001000000000100000000001101000000]
32       804      640      0,641926s [010000000110000000100011000001100000000010000000000110000011111000000001100100001101010000000001011001000000000111001001000000000100000000001101000000]
33       804      640      0,641926s [010000000110000000100011000001100000000010000000000110000011111000000001100100001101010000000001011001000000000111001001000000000100000000001101000000]
34       804      640      0,641926s [010000000110000000100011000001100000000010000000000110000011111000000001100100001101010000000001011001000000000111001001000000000100000000001101000000]
35       804      640      0,641926s [010000000110000000100011000001100000000010000000000110000011111000000001100100001101010000000001011001000000000111001001000000000100000000001101000000]
------------------------------------------------------------------------------------
[Statistics]
Runtime       0,000000

                     #        bweight  bvalue   squality
                     17       804      640      0,641926
Plateau  |  Longest sequence 0-0 with improvement less average 0.0%.
