Evaluation  |  2020-04-20 12:47
Configuration:  sa_default_10.json
                SA  |  Max Temp (5000.0)  |  Cooling Rate (0.9)
====================================================================================
#        bweight  bvalue   squality knapsack
------------------------------------------------------------------------------------
1        811      559      0,560682s [000000010000100001010000100100000000010100010011100000000000110001000001000000110010000000010000000000000000100100100001000000110000010010010000001100]
2        811      559      0,560682s [000000010000100001010000100100000000010100010011100000000000110001000001000000110010000000010000000000000000100100100001000000110000010010010000001100]
3        811      559      0,560682s [000000010000100001010000100100000000010100010011100000000000110001000001000000110010000000010000000000000000100100100001000000110000010010010000001100]
4        811      559      0,560682s [000000010000100001010000100100000000010100010011100000000000110001000001000000110010000000010000000000000000100100100001000000110000010010010000001100]
5        811      559      0,560682s [000000010000100001010000100100000000010100010011100000000000110001000001000000110010000000010000000000000000100100100001000000110000010010010000001100]
6        811      559      0,560682s [000000010000100001010000100100000000010100010011100000000000110001000001000000110010000000010000000000000000100100100001000000110000010010010000001100]
7        811      559      0,560682s [000000010000100001010000100100000000010100010011100000000000110001000001000000110010000000010000000000000000100100100001000000110000010010010000001100]
8        811      559      0,560682s [000000010000100001010000100100000000010100010011100000000000110001000001000000110010000000010000000000000000100100100001000000110000010010010000001100]
9        811      559      0,560682s [000000010000100001010000100100000000010100010011100000000000110001000001000000110010000000010000000000000000100100100001000000110000010010010000001100]
10       811      559      0,560682s [000000010000100001010000100100000000010100010011100000000000110001000001000000110010000000010000000000000000100100100001000000110000010010010000001100]
11       811      559      0,560682s [000000010000100001010000100100000000010100010011100000000000110001000001000000110010000000010000000000000000100100100001000000110000010010010000001100]
12       811      559      0,560682s [000000010000100001010000100100000000010100010011100000000000110001000001000000110010000000010000000000000000100100100001000000110000010010010000001100]
13       811      559      0,560682s [000000010000100001010000100100000000010100010011100000000000110001000001000000110010000000010000000000000000100100100001000000110000010010010000001100]
14       811      559      0,560682s [000000010000100001010000100100000000010100010011100000000000110001000001000000110010000000010000000000000000100100100001000000110000010010010000001100]
15       811      559      0,560682s [000000010000100001010000100100000000010100010011100000000000110001000001000000110010000000010000000000000000100100100001000000110000010010010000001100]
16       811      559      0,560682s [000000010000100001010000100100000000010100010011100000000000110001000001000000110010000000010000000000000000100100100001000000110000010010010000001100]
17       811      559      0,560682s [000000010000100001010000100100000000010100010011100000000000110001000001000000110010000000010000000000000000100100100001000000110000010010010000001100]
18       811      559      0,560682s [000000010000100001010000100100000000010100010011100000000000110001000001000000110010000000010000000000000000100100100001000000110000010010010000001100]
19       811      559      0,560682s [000000010000100001010000100100000000010100010011100000000000110001000001000000110010000000010000000000000000100100100001000000110000010010010000001100]
20       811      559      0,560682s [000000010000100001010000100100000000010100010011100000000000110001000001000000110010000000010000000000000000100100100001000000110000010010010000001100]
21       811      559      0,560682s [000000010000100001010000100100000000010100010011100000000000110001000001000000110010000000010000000000000000100100100001000000110000010010010000001100]
22       811      559      0,560682s [000000010000100001010000100100000000010100010011100000000000110001000001000000110010000000010000000000000000100100100001000000110000010010010000001100]
23       811      559      0,560682s [000000010000100001010000100100000000010100010011100000000000110001000001000000110010000000010000000000000000100100100001000000110000010010010000001100]
24       811      559      0,560682s [000000010000100001010000100100000000010100010011100000000000110001000001000000110010000000010000000000000000100100100001000000110000010010010000001100]
25       811      559      0,560682s [000000010000100001010000100100000000010100010011100000000000110001000001000000110010000000010000000000000000100100100001000000110000010010010000001100]
26       811      559      0,560682s [000000010000100001010000100100000000010100010011100000000000110001000001000000110010000000010000000000000000100100100001000000110000010010010000001100]
27       811      559      0,560682s [000000010000100001010000100100000000010100010011100000000000110001000001000000110010000000010000000000000000100100100001000000110000010010010000001100]
28       811      559      0,560682s [000000010000100001010000100100000000010100010011100000000000110001000001000000110010000000010000000000000000100100100001000000110000010010010000001100]
29       811      559      0,560682s [000000010000100001010000100100000000010100010011100000000000110001000001000000110010000000010000000000000000100100100001000000110000010010010000001100]
30       811      559      0,560682s [000000010000100001010000100100000000010100010011100000000000110001000001000000110010000000010000000000000000100100100001000000110000010010010000001100]
31       811      559      0,560682s [000000010000100001010000100100000000010100010011100000000000110001000001000000110010000000010000000000000000100100100001000000110000010010010000001100]
32       811      559      0,560682s [000000010000100001010000100100000000010100010011100000000000110001000001000000110010000000010000000000000000100100100001000000110000010010010000001100]
33       811      559      0,560682s [000000010000100001010000100100000000010100010011100000000000110001000001000000110010000000010000000000000000100100100001000000110000010010010000001100]
34       811      559      0,560682s [000000010000100001010000100100000000010100010011100000000000110001000001000000110010000000010000000000000000100100100001000000110000010010010000001100]
35       811      559      0,560682s [000000010000100001010000100100000000010100010011100000000000110001000001000000110010000000010000000000000000100100100001000000110000010010010000001100]
36       811      559      0,560682s [000000010000100001010000100100000000010100010011100000000000110001000001000000110010000000010000000000000000100100100001000000110000010010010000001100]
37       811      559      0,560682s [000000010000100001010000100100000000010100010011100000000000110001000001000000110010000000010000000000000000100100100001000000110000010010010000001100]
38       811      559      0,560682s [000000010000100001010000100100000000010100010011100000000000110001000001000000110010000000010000000000000000100100100001000000110000010010010000001100]
39       811      559      0,560682s [000000010000100001010000100100000000010100010011100000000000110001000001000000110010000000010000000000000000100100100001000000110000010010010000001100]
40       811      559      0,560682s [000000010000100001010000100100000000010100010011100000000000110001000001000000110010000000010000000000000000100100100001000000110000010010010000001100]
41       811      559      0,560682s [000000010000100001010000100100000000010100010011100000000000110001000001000000110010000000010000000000000000100100100001000000110000010010010000001100]
42       811      559      0,560682s [000000010000100001010000100100000000010100010011100000000000110001000001000000110010000000010000000000000000100100100001000000110000010010010000001100]
43       811      559      0,560682s [000000010000100001010000100100000000010100010011100000000000110001000001000000110010000000010000000000000000100100100001000000110000010010010000001100]
44       811      559      0,560682s [000000010000100001010000100100000000010100010011100000000000110001000001000000110010000000010000000000000000100100100001000000110000010010010000001100]
45       804      560      0,561685s [010010010001000000000001100000000001010000000000100001000000000000010000001001000000101111101000000110000110010010000000111001000000000100001010000000]
46       804      533      0,534604s [010010010001000000000001100000000001010000000000100001000000000000010000001001000000101111101000000110000110010010000000111001000000000100001010000000]
47       810      539      0,540622s [010010110001000000000001100000000001010000000000101001000000000000010000001000000000101111101000000110000110010010000000011001000000000100001010000000]
48       810      535      0,536610s [010010110001000000000001100000000001010000000000101001000000000000010000001000000000101111101000000110000110010010000000011001000000000100001010000000]
49       810      535      0,536610s [010010110001000000000001100000000001010000000000101001000000000000010000001000000000101111101000000110000110010010000000011001000000000100001010000000]
50       799      546      0,547643s [010000110001000000100001000000000000010100000000100001000000010010010000011000000100101110101000100010000110010010000000011001000000000100000010000000]
51       799      577      0,578736s [010000110001000000100001000000000000010100000000100001000000010010010000011000000100101110101000100010000110010010000000011001000000000100000010000000]
52       819      595      0,596790s [010000110001000000110001000100000000010000000000100001000000010010110000011000000100001110101000100010000110010010000000011001000000000100000010000000]
53       819      610      0,611836s [010000110001000000110001000100000000010000000000100001000000010010110000011000000100001110101000100010000110010010000000011001000000000100000010000000]
54       819      610      0,611836s [010000110001000000110001000100000000010000000000100001000000010010110000011000000100001110101000100010000110010010000000011001000000000100000010000000]
55       819      610      0,611836s [010000110001000000110001000100000000010000000000100001000000010010110000011000000100001110101000100010000110010010000000011001000000000100000010000000]
56       819      610      0,611836s [010000110001000000110001000100000000010000000000100001000000010010110000011000000100001110101000100010000110010010000000011001000000000100000010000000]
57       819      610      0,611836s [010000110001000000110001000100000000010000000000100001000000010010110000011000000100001110101000100010000110010010000000011001000000000100000010000000]
58       819      610      0,611836s [010000110001000000110001000100000000010000000000100001000000010010110000011000000100001110101000100010000110010010000000011001000000000100000010000000]
59       806      629      0,630893s [010000110000010000110001010000000100000000000000100001000000010011100000011000100110000111001000100010000100010010100000111001000000000100000001000000]
60       806      635      0,636911s [010000110000010000110001010000000100000000000000100001000000010011100000011000100110000111001000100010000100010010100000111001000000000100000001000000]
61       806      635      0,636911s [010000110000010000110001010000000100000000000000100001000000010011100000011000100110000111001000100010000100010010100000111001000000000100000001000000]
62       814      636      0,637914s [010000000000000000110001010000000010000000000000000001000000000011100000011000100111000010011000100010000100010010100000110001000000000100010001001000]
63       814      603      0,604814s [010000000000000000110001010000000010000000000000000001000000000011100000011000100111000010011000100010000100010010100000110001000000000100010001001000]
64       814      603      0,604814s [010000000000000000110001010000000010000000000000000001000000000011100000011000100111000010011000100010000100010010100000110001000000000100010001001000]
65       814      603      0,604814s [010000000000000000110001010000000010000000000000000001000000000011100000011000100111000010011000100010000100010010100000110001000000000100010001001000]
66       814      603      0,604814s [010000000000000000110001010000000010000000000000000001000000000011100000011000100111000010011000100010000100010010100000110001000000000100010001001000]
67       814      603      0,604814s [010000000000000000110001010000000010000000000000000001000000000011100000011000100111000010011000100010000100010010100000110001000000000100010001001000]
68       814      603      0,604814s [010000000000000000110001010000000010000000000000000001000000000011100000011000100111000010011000100010000100010010100000110001000000000100010001001000]
69       814      603      0,604814s [010000000000000000110001010000000010000000000000000001000000000011100000011000100111000010011000100010000100010010100000110001000000000100010001001000]
70       814      603      0,604814s [010000000000000000110001010000000010000000000000000001000000000011100000011000100111000010011000100010000100010010100000110001000000000100010001001000]
71       820      610      0,611836s [010000010010000001110000010000000100000000000000000000000000000011100001001010100010000000011010000010001000110011100000000100001000000000010011011000]
72       820      621      0,622869s [010000010010000001110000010000000100000000000000000000000000000011100001001010100010000000011010000010001000110011100000000100001000000000010011011000]
73       820      621      0,622869s [010000010010000001110000010000000100000000000000000000000000000011100001001010100010000000011010000010001000110011100000000100001000000000010011011000]
74       820      621      0,622869s [010000010010000001110000010000000100000000000000000000000000000011100001001010100010000000011010000010001000110011100000000100001000000000010011011000]
75       820      621      0,622869s [010000010010000001110000010000000100000000000000000000000000000011100001001010100010000000011010000010001000110011100000000100001000000000010011011000]
76       820      621      0,622869s [010000010010000001110000010000000100000000000000000000000000000011100001001010100010000000011010000010001000110011100000000100001000000000010011011000]
77       820      621      0,622869s [010000010010000001110000010000000100000000000000000000000000000011100001001010100010000000011010000010001000110011100000000100001000000000010011011000]
78       817      632      0,633902s [000000111010000011100000000000000001000000000000000000000000100010101001001010000010000000011010010010000000111011100000010000000001000000010011011000]
79       817      614      0,615848s [000000111010000011100000000000000001000000000000000000000000100010101001001010000010000000011010010010000000111011100000010000000001000000010011011000]
80       817      614      0,615848s [000000111010000011100000000000000001000000000000000000000000100010101001001010000010000000011010010010000000111011100000010000000001000000010011011000]
81       817      614      0,615848s [000000111010000011100000000000000001000000000000000000000000100010101001001010000010000000011010010010000000111011100000010000000001000000010011011000]
82       817      614      0,615848s [000000111010000011100000000000000001000000000000000000000000100010101001001010000010000000011010010010000000111011100000010000000001000000010011011000]
83       817      614      0,615848s [000000111010000011100000000000000001000000000000000000000000100010101001001010000010000000011010010010000000111011100000010000000001000000010011011000]
84       817      614      0,615848s [000000111010000011100000000000000001000000000000000000000000100010101001001010000010000000011010010010000000111011100000010000000001000000010011011000]
85       817      614      0,615848s [000000111010000011100000000000000001000000000000000000000000100010101001001010000010000000011010010010000000111011100000010000000001000000010011011000]
86       817      614      0,615848s [000000111010000011100000000000000001000000000000000000000000100010101001001010000010000000011010010010000000111011100000010000000001000000010011011000]
87       817      614      0,615848s [000000111010000011100000000000000001000000000000000000000000100010101001001010000010000000011010010010000000111011100000010000000001000000010011011000]
88       817      614      0,615848s [000000111010000011100000000000000001000000000000000000000000100010101001001010000010000000011010010010000000111011100000010000000001000000010011011000]
89       817      614      0,615848s [000000111010000011100000000000000001000000000000000000000000100010101001001010000010000000011010010010000000111011100000010000000001000000010011011000]
90       817      614      0,615848s [000000111010000011100000000000000001000000000000000000000000100010101001001010000010000000011010010010000000111011100000010000000001000000010011011000]
91       817      614      0,615848s [000000111010000011100000000000000001000000000000000000000000100010101001001010000010000000011010010010000000111011100000010000000001000000010011011000]
92       817      614      0,615848s [000000111010000011100000000000000001000000000000000000000000100010101001001010000010000000011010010010000000111011100000010000000001000000010011011000]
93       817      614      0,615848s [000000111010000011100000000000000001000000000000000000000000100010101001001010000010000000011010010010000000111011100000010000000001000000010011011000]
94       817      614      0,615848s [000000111010000011100000000000000001000000000000000000000000100010101001001010000010000000011010010010000000111011100000010000000001000000010011011000]
95       817      614      0,615848s [000000111010000011100000000000000001000000000000000000000000100010101001001010000010000000011010010010000000111011100000010000000001000000010011011000]
96       817      614      0,615848s [000000111010000011100000000000000001000000000000000000000000100010101001001010000010000000011010010010000000111011100000010000000001000000010011011000]
97       817      614      0,615848s [000000111010000011100000000000000001000000000000000000000000100010101001001010000010000000011010010010000000111011100000010000000001000000010011011000]
98       817      614      0,615848s [000000111010000011100000000000000001000000000000000000000000100010101001001010000010000000011010010010000000111011100000010000000001000000010011011000]
99       817      614      0,615848s [000000111010000011100000000000000001000000000000000000000000100010101001001010000010000000011010010010000000111011100000010000000001000000010011011000]
100      817      614      0,615848s [000000111010000011100000000000000001000000000000000000000000100010101001001010000010000000011010010010000000111011100000010000000001000000010011011000]
101      817      614      0,615848s [000000111010000011100000000000000001000000000000000000000000100010101001001010000010000000011010010010000000111011100000010000000001000000010011011000]
102      817      614      0,615848s [000000111010000011100000000000000001000000000000000000000000100010101001001010000010000000011010010010000000111011100000010000000001000000010011011000]
103      817      614      0,615848s [000000111010000011100000000000000001000000000000000000000000100010101001001010000010000000011010010010000000111011100000010000000001000000010011011000]
104      817      614      0,615848s [000000111010000011100000000000000001000000000000000000000000100010101001001010000010000000011010010010000000111011100000010000000001000000010011011000]
105      817      614      0,615848s [000000111010000011100000000000000001000000000000000000000000100010101001001010000010000000011010010010000000111011100000010000000001000000010011011000]
106      817      614      0,615848s [000000111010000011100000000000000001000000000000000000000000100010101001001010000010000000011010010010000000111011100000010000000001000000010011011000]
107      817      614      0,615848s [000000111010000011100000000000000001000000000000000000000000100010101001001010000010000000011010010010000000111011100000010000000001000000010011011000]
108      817      614      0,615848s [000000111010000011100000000000000001000000000000000000000000100010101001001010000010000000011010010010000000111011100000010000000001000000010011011000]
109      817      614      0,615848s [000000111010000011100000000000000001000000000000000000000000100010101001001010000010000000011010010010000000111011100000010000000001000000010011011000]
110      817      614      0,615848s [000000111010000011100000000000000001000000000000000000000000100010101001001010000010000000011010010010000000111011100000010000000001000000010011011000]
111      817      614      0,615848s [000000111010000011100000000000000001000000000000000000000000100010101001001010000010000000011010010010000000111011100000010000000001000000010011011000]
112      817      614      0,615848s [000000111010000011100000000000000001000000000000000000000000100010101001001010000010000000011010010010000000111011100000010000000001000000010011011000]
113      817      614      0,615848s [000000111010000011100000000000000001000000000000000000000000100010101001001010000010000000011010010010000000111011100000010000000001000000010011011000]
114      817      614      0,615848s [000000111010000011100000000000000001000000000000000000000000100010101001001010000010000000011010010010000000111011100000010000000001000000010011011000]
115      817      614      0,615848s [000000111010000011100000000000000001000000000000000000000000100010101001001010000010000000011010010010000000111011100000010000000001000000010011011000]
116      817      614      0,615848s [000000111010000011100000000000000001000000000000000000000000100010101001001010000010000000011010010010000000111011100000010000000001000000010011011000]
117      817      614      0,615848s [000000111010000011100000000000000001000000000000000000000000100010101001001010000010000000011010010010000000111011100000010000000001000000010011011000]
118      817      614      0,615848s [000000111010000011100000000000000001000000000000000000000000100010101001001010000010000000011010010010000000111011100000010000000001000000010011011000]
119      817      614      0,615848s [000000111010000011100000000000000001000000000000000000000000100010101001001010000010000000011010010010000000111011100000010000000001000000010011011000]
120      817      614      0,615848s [000000111010000011100000000000000001000000000000000000000000100010101001001010000010000000011010010010000000111011100000010000000001000000010011011000]
121      817      614      0,615848s [000000111010000011100000000000000001000000000000000000000000100010101001001010000010000000011010010010000000111011100000010000000001000000010011011000]
122      817      614      0,615848s [000000111010000011100000000000000001000000000000000000000000100010101001001010000010000000011010010010000000111011100000010000000001000000010011011000]
123      817      614      0,615848s [000000111010000011100000000000000001000000000000000000000000100010101001001010000010000000011010010010000000111011100000010000000001000000010011011000]
124      817      614      0,615848s [000000111010000011100000000000000001000000000000000000000000100010101001001010000010000000011010010010000000111011100000010000000001000000010011011000]
125      817      614      0,615848s [000000111010000011100000000000000001000000000000000000000000100010101001001010000010000000011010010010000000111011100000010000000001000000010011011000]
------------------------------------------------------------------------------------
[Statistics]
Runtime       0,000000

                     #        bweight  bvalue   squality
                     62       814      603      0,604814
Plateau  |  Longest sequence 0-0 with improvement less average 0.0%.
