Evaluation  |  2020-04-20 12:47
Configuration:  sa_default_02.json
                SA  |  Max Temp (10000.0)  |  Cooling Rate (0.6)
====================================================================================
#        bweight  bvalue   squality knapsack
------------------------------------------------------------------------------------
1        767      684      0,686058s [101000100010001100000100001010000100000110100100100000000011100000110000001001000000101000011010000001000000000100001110000000100000000000000001010100]
2        767      684      0,686058s [101000100010001100000100001010000100000110100100100000000011100000110000001001000000101000011010000001000000000100001110000000100000000000000001010100]
3        767      684      0,686058s [101000100010001100000100001010000100000110100100100000000011100000110000001001000000101000011010000001000000000100001110000000100000000000000001010100]
4        767      684      0,686058s [101000100010001100000100001010000100000110100100100000000011100000110000001001000000101000011010000001000000000100001110000000100000000000000001010100]
5        767      684      0,686058s [101000100010001100000100001010000100000110100100100000000011100000110000001001000000101000011010000001000000000100001110000000100000000000000001010100]
6        767      684      0,686058s [101000100010001100000100001010000100000110100100100000000011100000110000001001000000101000011010000001000000000100001110000000100000000000000001010100]
7        767      684      0,686058s [101000100010001100000100001010000100000110100100100000000011100000110000001001000000101000011010000001000000000100001110000000100000000000000001010100]
8        767      684      0,686058s [101000100010001100000100001010000100000110100100100000000011100000110000001001000000101000011010000001000000000100001110000000100000000000000001010100]
9        767      684      0,686058s [101000100010001100000100001010000100000110100100100000000011100000110000001001000000101000011010000001000000000100001110000000100000000000000001010100]
10       767      684      0,686058s [101000100010001100000100001010000100000110100100100000000011100000110000001001000000101000011010000001000000000100001110000000100000000000000001010100]
11       767      684      0,686058s [101000100010001100000100001010000100000110100100100000000011100000110000001001000000101000011010000001000000000100001110000000100000000000000001010100]
12       767      684      0,686058s [101000100010001100000100001010000100000110100100100000000011100000110000001001000000101000011010000001000000000100001110000000100000000000000001010100]
13       767      684      0,686058s [101000100010001100000100001010000100000110100100100000000011100000110000001001000000101000011010000001000000000100001110000000100000000000000001010100]
14       767      684      0,686058s [101000100010001100000100001010000100000110100100100000000011100000110000001001000000101000011010000001000000000100001110000000100000000000000001010100]
15       767      684      0,686058s [101000100010001100000100001010000100000110100100100000000011100000110000001001000000101000011010000001000000000100001110000000100000000000000001010100]
16       767      684      0,686058s [101000100010001100000100001010000100000110100100100000000011100000110000001001000000101000011010000001000000000100001110000000100000000000000001010100]
17       767      684      0,686058s [101000100010001100000100001010000100000110100100100000000011100000110000001001000000101000011010000001000000000100001110000000100000000000000001010100]
18       767      684      0,686058s [101000100010001100000100001010000100000110100100100000000011100000110000001001000000101000011010000001000000000100001110000000100000000000000001010100]
19       767      684      0,686058s [101000100010001100000100001010000100000110100100100000000011100000110000001001000000101000011010000001000000000100001110000000100000000000000001010100]
20       767      684      0,686058s [101000100010001100000100001010000100000110100100100000000011100000110000001001000000101000011010000001000000000100001110000000100000000000000001010100]
21       767      684      0,686058s [101000100010001100000100001010000100000110100100100000000011100000110000001001000000101000011010000001000000000100001110000000100000000000000001010100]
22       767      684      0,686058s [101000100010001100000100001010000100000110100100100000000011100000110000001001000000101000011010000001000000000100001110000000100000000000000001010100]
23       767      684      0,686058s [101000100010001100000100001010000100000110100100100000000011100000110000001001000000101000011010000001000000000100001110000000100000000000000001010100]
24       767      684      0,686058s [101000100010001100000100001010000100000110100100100000000011100000110000001001000000101000011010000001000000000100001110000000100000000000000001010100]
25       767      684      0,686058s [101000100010001100000100001010000100000110100100100000000011100000110000001001000000101000011010000001000000000100001110000000100000000000000001010100]
26       767      684      0,686058s [101000100010001100000100001010000100000110100100100000000011100000110000001001000000101000011010000001000000000100001110000000100000000000000001010100]
27       767      684      0,686058s [101000100010001100000100001010000100000110100100100000000011100000110000001001000000101000011010000001000000000100001110000000100000000000000001010100]
28       767      684      0,686058s [101000100010001100000100001010000100000110100100100000000011100000110000001001000000101000011010000001000000000100001110000000100000000000000001010100]
------------------------------------------------------------------------------------
[Statistics]
Runtime       0,000000

                     #        bweight  bvalue   squality
                     14       767      684      0,686058
Plateau  |  Longest sequence 0-0 with improvement less average 0.0%.
