Evaluation  |  2020-04-20 12:47
Configuration:  sa_default_03.json
                SA  |  Max Temp (10000.0)  |  Cooling Rate (0.7)
====================================================================================
#        bweight  bvalue   squality knapsack
------------------------------------------------------------------------------------
1        785      636      0,637914s [000010100000100110000001000010010000000010000101100010001100000001010100010001000100100001000100100110010000000000000100000011000100001100000000000000]
2        822      641      0,642929s [000010100000100110000001000000010000001010000101000010001100000001010100000001000100100001000110100110010000000000000100000010000100001100000000000000]
3        822      601      0,602808s [000010100000100110000001000000010000001010000101000010001100000001010100000001000100100001000110100110010000000000000100000010000100001100000000000000]
4        818      614      0,615848s [000010100000101110000001010000000000001010000101000010001100000001010100000001000000100001000110100000010000000100001100000010000100001000000000000000]
5        818      596      0,597793s [000010100000101110000001010000000000001010000101000010001100000001010100000001000000100001000110100000010000000100001100000010000100001000000000000000]
6        818      596      0,597793s [000010100000101110000001010000000000001010000101000010001100000001010100000001000000100001000110100000010000000100001100000010000100001000000000000000]
7        818      596      0,597793s [000010100000101110000001010000000000001010000101000010001100000001010100000001000000100001000110100000010000000100001100000010000100001000000000000000]
8        818      596      0,597793s [000010100000101110000001010000000000001010000101000010001100000001010100000001000000100001000110100000010000000100001100000010000100001000000000000000]
9        818      596      0,597793s [000010100000101110000001010000000000001010000101000010001100000001010100000001000000100001000110100000010000000100001100000010000100001000000000000000]
10       818      596      0,597793s [000010100000101110000001010000000000001010000101000010001100000001010100000001000000100001000110100000010000000100001100000010000100001000000000000000]
11       818      596      0,597793s [000010100000101110000001010000000000001010000101000010001100000001010100000001000000100001000110100000010000000100001100000010000100001000000000000000]
12       818      596      0,597793s [000010100000101110000001010000000000001010000101000010001100000001010100000001000000100001000110100000010000000100001100000010000100001000000000000000]
13       818      596      0,597793s [000010100000101110000001010000000000001010000101000010001100000001010100000001000000100001000110100000010000000100001100000010000100001000000000000000]
14       818      596      0,597793s [000010100000101110000001010000000000001010000101000010001100000001010100000001000000100001000110100000010000000100001100000010000100001000000000000000]
15       818      596      0,597793s [000010100000101110000001010000000000001010000101000010001100000001010100000001000000100001000110100000010000000100001100000010000100001000000000000000]
16       818      596      0,597793s [000010100000101110000001010000000000001010000101000010001100000001010100000001000000100001000110100000010000000100001100000010000100001000000000000000]
17       818      596      0,597793s [000010100000101110000001010000000000001010000101000010001100000001010100000001000000100001000110100000010000000100001100000010000100001000000000000000]
18       818      596      0,597793s [000010100000101110000001010000000000001010000101000010001100000001010100000001000000100001000110100000010000000100001100000010000100001000000000000000]
19       818      596      0,597793s [000010100000101110000001010000000000001010000101000010001100000001010100000001000000100001000110100000010000000100001100000010000100001000000000000000]
20       818      596      0,597793s [000010100000101110000001010000000000001010000101000010001100000001010100000001000000100001000110100000010000000100001100000010000100001000000000000000]
21       818      596      0,597793s [000010100000101110000001010000000000001010000101000010001100000001010100000001000000100001000110100000010000000100001100000010000100001000000000000000]
22       818      596      0,597793s [000010100000101110000001010000000000001010000101000010001100000001010100000001000000100001000110100000010000000100001100000010000100001000000000000000]
23       818      596      0,597793s [000010100000101110000001010000000000001010000101000010001100000001010100000001000000100001000110100000010000000100001100000010000100001000000000000000]
24       818      596      0,597793s [000010100000101110000001010000000000001010000101000010001100000001010100000001000000100001000110100000010000000100001100000010000100001000000000000000]
25       818      596      0,597793s [000010100000101110000001010000000000001010000101000010001100000001010100000001000000100001000110100000010000000100001100000010000100001000000000000000]
26       818      596      0,597793s [000010100000101110000001010000000000001010000101000010001100000001010100000001000000100001000110100000010000000100001100000010000100001000000000000000]
27       818      596      0,597793s [000010100000101110000001010000000000001010000101000010001100000001010100000001000000100001000110100000010000000100001100000010000100001000000000000000]
28       818      596      0,597793s [000010100000101110000001010000000000001010000101000010001100000001010100000001000000100001000110100000010000000100001100000010000100001000000000000000]
29       818      596      0,597793s [000010100000101110000001010000000000001010000101000010001100000001010100000001000000100001000110100000010000000100001100000010000100001000000000000000]
30       818      596      0,597793s [000010100000101110000001010000000000001010000101000010001100000001010100000001000000100001000110100000010000000100001100000010000100001000000000000000]
31       818      596      0,597793s [000010100000101110000001010000000000001010000101000010001100000001010100000001000000100001000110100000010000000100001100000010000100001000000000000000]
32       818      596      0,597793s [000010100000101110000001010000000000001010000101000010001100000001010100000001000000100001000110100000010000000100001100000010000100001000000000000000]
33       818      596      0,597793s [000010100000101110000001010000000000001010000101000010001100000001010100000001000000100001000110100000010000000100001100000010000100001000000000000000]
34       818      596      0,597793s [000010100000101110000001010000000000001010000101000010001100000001010100000001000000100001000110100000010000000100001100000010000100001000000000000000]
35       818      596      0,597793s [000010100000101110000001010000000000001010000101000010001100000001010100000001000000100001000110100000010000000100001100000010000100001000000000000000]
36       818      596      0,597793s [000010100000101110000001010000000000001010000101000010001100000001010100000001000000100001000110100000010000000100001100000010000100001000000000000000]
37       818      596      0,597793s [000010100000101110000001010000000000001010000101000010001100000001010100000001000000100001000110100000010000000100001100000010000100001000000000000000]
38       818      596      0,597793s [000010100000101110000001010000000000001010000101000010001100000001010100000001000000100001000110100000010000000100001100000010000100001000000000000000]
39       818      596      0,597793s [000010100000101110000001010000000000001010000101000010001100000001010100000001000000100001000110100000010000000100001100000010000100001000000000000000]
------------------------------------------------------------------------------------
[Statistics]
Runtime       0,000000

                     #        bweight  bvalue   squality
                     19       818      596      0,597793
Plateau  |  Longest sequence 0-0 with improvement less average 0.0%.
