Evaluation  |  2020-04-20 12:47
Configuration:  sa_default_04.json
                SA  |  Max Temp (10000.0)  |  Cooling Rate (0.8)
====================================================================================
#        bweight  bvalue   squality knapsack
------------------------------------------------------------------------------------
1        820      554      0,555667s [001010011000000000010100010000000000011000000001010000001000101000100000010001001000100011000010001000000100000000010101000000000000010000100000000011]
2        820      554      0,555667s [001010011000000000010100010000000000011000000001010000001000101000100000010001001000100011000010001000000100000000010101000000000000010000100000000011]
3        801      579      0,580742s [001000111000000000010100010000000000011000000000000000000000100001101000010001001001100011000010001010000100000000010101000000000000011000100000000011]
4        801      588      0,589769s [001000111000000000010100010000000000011000000000000000000000100001101000010001001001100011000010001010000100000000010101000000000000011000100000000011]
5        796      603      0,604814s [001000111000000000000101010000000000011000000000000000000000000000101100010001001000100111000010001010000100000000011101000000000000011000100001000011]
6        796      571      0,572718s [001000111000000000000101010000000000011000000000000000000000000000101100010001001000100111000010001010000100000000011101000000000000011000100001000011]
7        800      596      0,597793s [001000011000000000000001010000000000010000000000010000100000000001111100010011001000100111000010001010000100000000011100000000000000001000100001000011]
8        800      617      0,618857s [001000011000000000000001010000000000010000000000010000100000000001111100010011001000100111000010001010000100000000011100000000000000001000100001000011]
9        820      629      0,630893s [001000011000000010000101000000000000010000000001010000000000010001111100000011001000000111000010000110000100000000011100000000000000001000100101000011]
10       820      624      0,625878s [001000011000000010000101000000000000010000000001010000000000010001111100000011001000000111000010000110000100000000011100000000000000001000100101000011]
11       820      624      0,625878s [001000011000000010000101000000000000010000000001010000000000010001111100000011001000000111000010000110000100000000011100000000000000001000100101000011]
12       820      624      0,625878s [001000011000000010000101000000000000010000000001010000000000010001111100000011001000000111000010000110000100000000011100000000000000001000100101000011]
13       820      624      0,625878s [001000011000000010000101000000000000010000000001010000000000010001111100000011001000000111000010000110000100000000011100000000000000001000100101000011]
14       820      624      0,625878s [001000011000000010000101000000000000010000000001010000000000010001111100000011001000000111000010000110000100000000011100000000000000001000100101000011]
15       820      624      0,625878s [001000011000000010000101000000000000010000000001010000000000010001111100000011001000000111000010000110000100000000011100000000000000001000100101000011]
16       820      624      0,625878s [001000011000000010000101000000000000010000000001010000000000010001111100000011001000000111000010000110000100000000011100000000000000001000100101000011]
17       820      624      0,625878s [001000011000000010000101000000000000010000000001010000000000010001111100000011001000000111000010000110000100000000011100000000000000001000100101000011]
18       820      624      0,625878s [001000011000000010000101000000000000010000000001010000000000010001111100000011001000000111000010000110000100000000011100000000000000001000100101000011]
19       820      624      0,625878s [001000011000000010000101000000000000010000000001010000000000010001111100000011001000000111000010000110000100000000011100000000000000001000100101000011]
20       820      624      0,625878s [001000011000000010000101000000000000010000000001010000000000010001111100000011001000000111000010000110000100000000011100000000000000001000100101000011]
21       820      624      0,625878s [001000011000000010000101000000000000010000000001010000000000010001111100000011001000000111000010000110000100000000011100000000000000001000100101000011]
22       820      624      0,625878s [001000011000000010000101000000000000010000000001010000000000010001111100000011001000000111000010000110000100000000011100000000000000001000100101000011]
23       820      624      0,625878s [001000011000000010000101000000000000010000000001010000000000010001111100000011001000000111000010000110000100000000011100000000000000001000100101000011]
24       820      624      0,625878s [001000011000000010000101000000000000010000000001010000000000010001111100000011001000000111000010000110000100000000011100000000000000001000100101000011]
25       820      624      0,625878s [001000011000000010000101000000000000010000000001010000000000010001111100000011001000000111000010000110000100000000011100000000000000001000100101000011]
26       820      624      0,625878s [001000011000000010000101000000000000010000000001010000000000010001111100000011001000000111000010000110000100000000011100000000000000001000100101000011]
27       820      624      0,625878s [001000011000000010000101000000000000010000000001010000000000010001111100000011001000000111000010000110000100000000011100000000000000001000100101000011]
28       820      624      0,625878s [001000011000000010000101000000000000010000000001010000000000010001111100000011001000000111000010000110000100000000011100000000000000001000100101000011]
29       820      624      0,625878s [001000011000000010000101000000000000010000000001010000000000010001111100000011001000000111000010000110000100000000011100000000000000001000100101000011]
30       820      624      0,625878s [001000011000000010000101000000000000010000000001010000000000010001111100000011001000000111000010000110000100000000011100000000000000001000100101000011]
31       820      624      0,625878s [001000011000000010000101000000000000010000000001010000000000010001111100000011001000000111000010000110000100000000011100000000000000001000100101000011]
32       820      624      0,625878s [001000011000000010000101000000000000010000000001010000000000010001111100000011001000000111000010000110000100000000011100000000000000001000100101000011]
33       820      624      0,625878s [001000011000000010000101000000000000010000000001010000000000010001111100000011001000000111000010000110000100000000011100000000000000001000100101000011]
34       820      624      0,625878s [001000011000000010000101000000000000010000000001010000000000010001111100000011001000000111000010000110000100000000011100000000000000001000100101000011]
35       820      624      0,625878s [001000011000000010000101000000000000010000000001010000000000010001111100000011001000000111000010000110000100000000011100000000000000001000100101000011]
36       820      624      0,625878s [001000011000000010000101000000000000010000000001010000000000010001111100000011001000000111000010000110000100000000011100000000000000001000100101000011]
37       820      624      0,625878s [001000011000000010000101000000000000010000000001010000000000010001111100000011001000000111000010000110000100000000011100000000000000001000100101000011]
38       820      624      0,625878s [001000011000000010000101000000000000010000000001010000000000010001111100000011001000000111000010000110000100000000011100000000000000001000100101000011]
39       820      624      0,625878s [001000011000000010000101000000000000010000000001010000000000010001111100000011001000000111000010000110000100000000011100000000000000001000100101000011]
40       820      624      0,625878s [001000011000000010000101000000000000010000000001010000000000010001111100000011001000000111000010000110000100000000011100000000000000001000100101000011]
41       820      624      0,625878s [001000011000000010000101000000000000010000000001010000000000010001111100000011001000000111000010000110000100000000011100000000000000001000100101000011]
42       820      624      0,625878s [001000011000000010000101000000000000010000000001010000000000010001111100000011001000000111000010000110000100000000011100000000000000001000100101000011]
43       820      624      0,625878s [001000011000000010000101000000000000010000000001010000000000010001111100000011001000000111000010000110000100000000011100000000000000001000100101000011]
44       820      624      0,625878s [001000011000000010000101000000000000010000000001010000000000010001111100000011001000000111000010000110000100000000011100000000000000001000100101000011]
45       820      624      0,625878s [001000011000000010000101000000000000010000000001010000000000010001111100000011001000000111000010000110000100000000011100000000000000001000100101000011]
46       820      624      0,625878s [001000011000000010000101000000000000010000000001010000000000010001111100000011001000000111000010000110000100000000011100000000000000001000100101000011]
47       820      624      0,625878s [001000011000000010000101000000000000010000000001010000000000010001111100000011001000000111000010000110000100000000011100000000000000001000100101000011]
48       820      624      0,625878s [001000011000000010000101000000000000010000000001010000000000010001111100000011001000000111000010000110000100000000011100000000000000001000100101000011]
49       820      624      0,625878s [001000011000000010000101000000000000010000000001010000000000010001111100000011001000000111000010000110000100000000011100000000000000001000100101000011]
50       820      624      0,625878s [001000011000000010000101000000000000010000000001010000000000010001111100000011001000000111000010000110000100000000011100000000000000001000100101000011]
51       820      624      0,625878s [001000011000000010000101000000000000010000000001010000000000010001111100000011001000000111000010000110000100000000011100000000000000001000100101000011]
52       820      624      0,625878s [001000011000000010000101000000000000010000000001010000000000010001111100000011001000000111000010000110000100000000011100000000000000001000100101000011]
53       820      624      0,625878s [001000011000000010000101000000000000010000000001010000000000010001111100000011001000000111000010000110000100000000011100000000000000001000100101000011]
54       820      624      0,625878s [001000011000000010000101000000000000010000000001010000000000010001111100000011001000000111000010000110000100000000011100000000000000001000100101000011]
55       820      624      0,625878s [001000011000000010000101000000000000010000000001010000000000010001111100000011001000000111000010000110000100000000011100000000000000001000100101000011]
56       820      624      0,625878s [001000011000000010000101000000000000010000000001010000000000010001111100000011001000000111000010000110000100000000011100000000000000001000100101000011]
57       820      624      0,625878s [001000011000000010000101000000000000010000000001010000000000010001111100000011001000000111000010000110000100000000011100000000000000001000100101000011]
58       820      624      0,625878s [001000011000000010000101000000000000010000000001010000000000010001111100000011001000000111000010000110000100000000011100000000000000001000100101000011]
59       820      624      0,625878s [001000011000000010000101000000000000010000000001010000000000010001111100000011001000000111000010000110000100000000011100000000000000001000100101000011]
60       820      624      0,625878s [001000011000000010000101000000000000010000000001010000000000010001111100000011001000000111000010000110000100000000011100000000000000001000100101000011]
61       820      624      0,625878s [001000011000000010000101000000000000010000000001010000000000010001111100000011001000000111000010000110000100000000011100000000000000001000100101000011]
62       820      624      0,625878s [001000011000000010000101000000000000010000000001010000000000010001111100000011001000000111000010000110000100000000011100000000000000001000100101000011]
------------------------------------------------------------------------------------
[Statistics]
Runtime       1,000000

                     #        bweight  bvalue   squality
                     31       820      624      0,625878
Plateau  |  Longest sequence 0-0 with improvement less average 0.0%.
