Evaluation  |  2020-04-20 12:47
Configuration:  sa_default_08.json
                SA  |  Max Temp (5000.0)  |  Cooling Rate (0.7)
====================================================================================
#        bweight  bvalue   squality knapsack
------------------------------------------------------------------------------------
1        815      651      0,652959s [110001100000011001010100000110000001000000000100000000001000000100110001000100000000010110000010101110000010000110100000000000000001110000000010100000]
2        815      651      0,652959s [110001100000011001010100000110000001000000000100000000001000000100110001000100000000010110000010101110000010000110100000000000000001110000000010100000]
3        815      651      0,652959s [110001100000011001010100000110000001000000000100000000001000000100110001000100000000010110000010101110000010000110100000000000000001110000000010100000]
4        815      651      0,652959s [110001100000011001010100000110000001000000000100000000001000000100110001000100000000010110000010101110000010000110100000000000000001110000000010100000]
5        815      651      0,652959s [110001100000011001010100000110000001000000000100000000001000000100110001000100000000010110000010101110000010000110100000000000000001110000000010100000]
6        815      651      0,652959s [110001100000011001010100000110000001000000000100000000001000000100110001000100000000010110000010101110000010000110100000000000000001110000000010100000]
7        815      651      0,652959s [110001100000011001010100000110000001000000000100000000001000000100110001000100000000010110000010101110000010000110100000000000000001110000000010100000]
8        815      651      0,652959s [110001100000011001010100000110000001000000000100000000001000000100110001000100000000010110000010101110000010000110100000000000000001110000000010100000]
9        815      651      0,652959s [110001100000011001010100000110000001000000000100000000001000000100110001000100000000010110000010101110000010000110100000000000000001110000000010100000]
10       815      651      0,652959s [110001100000011001010100000110000001000000000100000000001000000100110001000100000000010110000010101110000010000110100000000000000001110000000010100000]
11       815      651      0,652959s [110001100000011001010100000110000001000000000100000000001000000100110001000100000000010110000010101110000010000110100000000000000001110000000010100000]
12       815      651      0,652959s [110001100000011001010100000110000001000000000100000000001000000100110001000100000000010110000010101110000010000110100000000000000001110000000010100000]
13       815      651      0,652959s [110001100000011001010100000110000001000000000100000000001000000100110001000100000000010110000010101110000010000110100000000000000001110000000010100000]
14       815      651      0,652959s [110001100000011001010100000110000001000000000100000000001000000100110001000100000000010110000010101110000010000110100000000000000001110000000010100000]
15       815      651      0,652959s [110001100000011001010100000110000001000000000100000000001000000100110001000100000000010110000010101110000010000110100000000000000001110000000010100000]
16       815      651      0,652959s [110001100000011001010100000110000001000000000100000000001000000100110001000100000000010110000010101110000010000110100000000000000001110000000010100000]
17       815      651      0,652959s [110001100000011001010100000110000001000000000100000000001000000100110001000100000000010110000010101110000010000110100000000000000001110000000010100000]
18       815      651      0,652959s [110001100000011001010100000110000001000000000100000000001000000100110001000100000000010110000010101110000010000110100000000000000001110000000010100000]
19       815      651      0,652959s [110001100000011001010100000110000001000000000100000000001000000100110001000100000000010110000010101110000010000110100000000000000001110000000010100000]
20       815      651      0,652959s [110001100000011001010100000110000001000000000100000000001000000100110001000100000000010110000010101110000010000110100000000000000001110000000010100000]
21       815      651      0,652959s [110001100000011001010100000110000001000000000100000000001000000100110001000100000000010110000010101110000010000110100000000000000001110000000010100000]
22       815      651      0,652959s [110001100000011001010100000110000001000000000100000000001000000100110001000100000000010110000010101110000010000110100000000000000001110000000010100000]
23       815      651      0,652959s [110001100000011001010100000110000001000000000100000000001000000100110001000100000000010110000010101110000010000110100000000000000001110000000010100000]
24       815      651      0,652959s [110001100000011001010100000110000001000000000100000000001000000100110001000100000000010110000010101110000010000110100000000000000001110000000010100000]
25       815      651      0,652959s [110001100000011001010100000110000001000000000100000000001000000100110001000100000000010110000010101110000010000110100000000000000001110000000010100000]
26       815      651      0,652959s [110001100000011001010100000110000001000000000100000000001000000100110001000100000000010110000010101110000010000110100000000000000001110000000010100000]
27       815      651      0,652959s [110001100000011001010100000110000001000000000100000000001000000100110001000100000000010110000010101110000010000110100000000000000001110000000010100000]
28       815      651      0,652959s [110001100000011001010100000110000001000000000100000000001000000100110001000100000000010110000010101110000010000110100000000000000001110000000010100000]
29       815      651      0,652959s [110001100000011001010100000110000001000000000100000000001000000100110001000100000000010110000010101110000010000110100000000000000001110000000010100000]
30       815      651      0,652959s [110001100000011001010100000110000001000000000100000000001000000100110001000100000000010110000010101110000010000110100000000000000001110000000010100000]
31       815      651      0,652959s [110001100000011001010100000110000001000000000100000000001000000100110001000100000000010110000010101110000010000110100000000000000001110000000010100000]
32       815      651      0,652959s [110001100000011001010100000110000001000000000100000000001000000100110001000100000000010110000010101110000010000110100000000000000001110000000010100000]
33       815      651      0,652959s [110001100000011001010100000110000001000000000100000000001000000100110001000100000000010110000010101110000010000110100000000000000001110000000010100000]
34       815      651      0,652959s [110001100000011001010100000110000001000000000100000000001000000100110001000100000000010110000010101110000010000110100000000000000001110000000010100000]
35       815      651      0,652959s [110001100000011001010100000110000001000000000100000000001000000100110001000100000000010110000010101110000010000110100000000000000001110000000010100000]
36       815      651      0,652959s [110001100000011001010100000110000001000000000100000000001000000100110001000100000000010110000010101110000010000110100000000000000001110000000010100000]
37       815      651      0,652959s [110001100000011001010100000110000001000000000100000000001000000100110001000100000000010110000010101110000010000110100000000000000001110000000010100000]
------------------------------------------------------------------------------------
[Statistics]
Runtime       0,000000

                     #        bweight  bvalue   squality
                     18       815      651      0,652959
Plateau  |  Longest sequence 0-0 with improvement less average 0.0%.
